2
10 10 10
31 39 30
4
4 0 0
4 4 4
34 34 42
4 4 6
6
56 56 33
26 25 36
56 44 39
50 0 53
57 0 49
34 15 46
6
43 5 12
14 0 51
18 4 11
45 22 40
51 43 38
23 52 12
10
34 14 19
54 56 39
10 54 8
13 56 6
21 1 17
28 15 35
5 22 25
43 35 22
43 21 38
47 33 24
9
5 42 55
56 35 20
43 46 51
36 25 3
48 53 5
46 14 0
10 44 54
36 13 20
36 19 49
10
16 39 43
3 42 29
53 21 59
3 41 55
30 10 37
1 28 49
17 54 5
29 40 17
45 6 31
26 21 19
2
45 45 45
39 39 39
2
27 27 27
57 57 57
2
28 28 42
16 16 32
2
24 24 39
50 35 35
2
39 39 53
35 50 35
2
55 55 7
23 23 41
2
16 56 56
21 21 45
2
16 16 31
4 20 4
2
16 16 32
42 26 26
2
44 31 31
47 38 38
2
47 33 33
17 41 17
2
48 28 28
51 51 9
2
48 27 27
21 6 6
2
48 9 48
52 27 27
2
25 25 47
19 34 19
2
53 40 40
35 46 35
2
19 44 19
30 49 30
2
48 48 11
26 45 26
2
14 56 56
31 46 31
2
39 49 39
49 15 49
2
30 30 49
0 0 26
2
41 24 24
0 0 22
2
21 33 21
48 48 12
2
7 7 25
3 3 27
2
23 58 58
55 55 14
2
46 7 46
2 2 17
2
27 7 7
17 17 34
2
25 10 10
55 35 35
2
21 35 21
15 52 52
2
10 46 46
57 57 11
2
26 9 9
23 1 1
2
16 7 7
5 20 5
2
55 11 55
17 17 38
2
34 15 15
3 19 3
2
7 24 7
21 45 21
2
3 3 19
53 16 53
2
18 58 58
52 11 52
2
57 20 57
51 12 51
2
4 13 37
21 31 52
2
20 44 55
2 5 30
2
8 31 58
16 21 45
2
18 21 46
28 45 58
2
1 20 42
9 20 44
2
4 36 54
1 7 33
2
20 22 43
12 35 43
2
16 42 46
13 36 39
2
5 30 51
11 36 45
2
9 20 31
6 27 35
2
13 34 36
4 23 56
2
1 40 59
20 41 49
2
6 11 34
9 30 58
2
2 28 56
22 46 57
2
10 33 54
7 33 59
2
4 27 53
15 33 44
2
3 31 59
17 33 58
2
7 34 56
2 41 59
2
26 29 53
9 21 31
2
15 40 47
26 42 58
2
13 24 42
7 28 50
2
5 12 27
8 18 29
2
1 20 46
39 51 52
2
10 19 23
14 44 58
2
1 20 55
26 32 58
2
14 38 48
9 27 55
2
1 27 55
2 17 52
2
9 25 54
20 38 49
2
9 26 55
9 28 53
2
1 34 51
7 22 48
2
12 23 48
1 32 49
2
2 35 55
17 43 46
2
7 43 54
1 28 53
2
12 24 27
8 41 54
2
8 25 51
12 45 56
2
5 37 49
1 37 52
0
