79.094 79.094 94.913
-21.865 54.977 34.176
7.759 13.326 9.450
15.867 0.551 12.492
-10.330 26.058 73.405
-0.422 13.640 -13.500
-18.151 -11.958 -18.791
17.737 33.987 55.635
-20.975 8.449 -17.724
20.788 -10.541 -28.987
-36.699 68.586 -27.498
14.049 1.536 15.280
38.738 -4.527 1.358
-34.716 -18.984 -48.992
12.798 1.117 13.226
14.947 -44.842 32.287
49.970 -42.758 -4.121
-45.098 -49.895 1.515
-3.025 28.557 -18.254
63.924 60.750 -41.459
56.712 46.949 10.638
-57.358 23.572 15.583
13.565 -14.959 6.057
-24.445 6.807 8.973
-23.550 22.655 26.829
-21.152 10.717 -27.639
35.382 36.668 -3.860
24.247 35.023 -14.818
34.034 20.884 6.188
42.163 -17.916 19.331
6.452 3.341 8.296
36.884 -40.181 -46.282
-28.531 -3.051 8.777
27.712 -4.549 -53.684
-10.768 -3.176 -17.142
-12.908 -22.373 -36.141
-48.370 7.558 -37.286
-27.595 -27.262 -1.359
18.125 2.404 -5.668
7.177 17.049 -46.467
-9.157 -28.110 15.991
11.460 -19.646 -0.234
8.863 -20.519 1.430
-6.398 8.477 8.957
4.251 -67.165 10.202
19.781 18.417 5.457
2.843 -11.124 15.068
38.485 -27.189 -6.791
35.814 -71.451 37.103
0.567 3.125 -32.534
-52.453 -25.567 -3.975
-19.285 21.389 11.220
9.976 -1.801 -12.193
-21.357 19.384 25.085
34.250 -43.506 31.936
-49.216 20.822 -30.287
30.806 8.550 -40.496
14.525 -12.104 21.127
-29.480 26.916 -37.170
20.396 -31.668 -51.022
15.439 42.354 14.552
32.693 -40.436 11.184
28.643 35.803 3.791
-9.801 15.355 11.108
-3.284 -21.349 -30.381
15.267 -36.780 32.616
-29.722 -5.595 32.170
10.022 18.967 -12.069
18.224 8.853 -2.334
-16.372 21.122 19.144
-13.954 -27.908 31.009
-1.202 24.854 15.764
22.393 3.437 -14.567
15.738 -22.407 7.469
17.597 29.765 -1.522
12.583 26.691 -31.647
-24.008 -45.402 -17.305
31.463 -21.211 -32.524
18.431 33.776 -21.375
4.900 -39.196 10.245
35.388 -6.469 20.451
-31.514 23.139 -21.814
-54.152 -40.518 -18.339
6.628 -26.706 -35.983
11.424 -29.865 38.360
-28.143 -10.048 -14.105
25.201 20.001 -36.801
19.780 -47.769 -30.367
8.205 -1.908 17.938
37.605 -8.300 -23.245
-14.471 59.897 40.551
8.462 7.467 -44.800
-4.701 -0.895 41.037
-25.300 -8.309 4.595
-6.855 34.994 28.500
27.415 33.646 -1.246
-15.229 -16.656 -31.885
-14.170 17.666 14.451
32.205 24.002 23.309
-74.216 -13.721 25.859
