3
10 10 12
100 100 100 30
10 8 3 5
-70 -70 -84 5
4
0 47 84
-23 41 42 8
45 -10 14 19
-5 28 47 12
-27 68 34 14
61
-41 66 0
-60 -91 69 30
72 87 -40 24
-98 -38 75 16
31 47 79 11
-100 39 14 8
99 -100 -12 7
52 -31 -51 19
-96 100 24 20
-75 83 100 8
-90 -44 33 17
90 -30 52 6
100 -88 -74 12
42 -82 4 14
-85 -94 -70 11
40 -22 79 15
-82 -97 -21 12
89 -99 97 16
-48 37 26 11
-46 -81 31 5
-46 28 -31 9
81 0 12 12
-95 2 1 19
-34 52 -1 10
68 -3 71 13
27 54 -53 17
83 11 90 8
-16 -67 5 25
48 65 -63 6
-96 15 61 26
-68 -62 -87 25
67 3 -66 18
30 -74 82 29
56 -51 -98 26
-16 45 -31 9
-39 -91 38 5
-58 -30 -69 11
-85 -23 51 8
-43 -76 -32 9
34 53 20 27
-60 28 -99 26
30 91 73 5
-91 89 -56 7
-64 -56 7 10
-17 -46 68 23
-36 90 69 16
54 -43 -3 23
72 61 37 8
63 -71 33 14
-42 -29 -17 23
-89 -73 81 5
0 90 30 15
2 -35 -66 19
-4 11 79 26
21 -2 15 21
87 72 88 7
25 -72 27 11
-7 81 -64 24
38 56 -93 5
9 -27 95 11
-44 -11 -56 12
16 -98 45 14
23
8 -43 42
10 58 -68 9
-91 -74 57 13
-84 65 49 23
47 49 -50 16
-67 -8 25 19
21 -29 -84 9
3 -52 84 19
-27 34 -9 21
-22 -20 -92 26
16 6 15 6
71 80 -10 30
-5 34 -95 30
34 -22 -20 6
-51 -69 -80 14
0 -21 -44 25
-41 -74 53 25
-37 -89 -57 10
-90 -37 12 7
-33 -26 77 15
58 -43 -84 20
49 -9 11 9
51 -76 -83 13
3 -17 23 11
62
-19 31 51
-47 -100 -35 15
78 53 78 30
49 82 -32 9
-91 -2 27 9
-55 -21 -28 16
54 -9 -97 13
-6 -8 -95 24
52 -41 -24 20
-71 -60 -82 5
-31 -78 86 19
-63 47 45 10
89 97 27 14
-26 42 60 21
-88 -15 -67 16
61 22 88 6
99 -1 3 6
85 -94 -64 12
-92 100 -68 15
13 -97 30 7
-37 -58 5 14
22 84 75 11
-17 -15 -29 19
56 96 4 8
100 -55 -85 14
49 0 11 8
-8 27 81 8
-31 99 -81 8
-30 65 10 23
-85 -93 67 30
-75 -30 59 8
-89 -2 67 22
-95 -4 -5 22
-38 -5 63 26
-91 32 -98 10
67 -10 71 20
88 59 2 13
-91 24 -48 21
-37 34 -82 29
0 -56 -29 21
18 54 -95 18
74 97 -42 5
-14 28 -14 9
7 -50 75 19
-76 -43 48 7
61 57 -44 21
-90 -80 -58 18
-13 -1 89 5
-66 -61 51 10
-77 -62 13 26
65 -21 -60 21
2 -78 71 7
-1 2 29 11
79 -44 10 9
48 -56 81 7
-16 -59 32 17
59 -85 52 19
28 -40 -92 6
-17 43 96 11
-60 -44 79 10
48 7 -76 5
-96 79 1 9
38 -5 59 10
43
-3 97 -96
-13 64 3 10
97 50 51 18
-32 -96 -67 16
-2 -27 37 13
-58 87 -66 17
-91 60 17 14
41 100 27 10
-95 37 -85 13
8 -87 -51 5
-74 82 80 9
-24 -8 -41 12
6 46 -44 5
-55 -62 -88 13
59 -83 20 27
-85 -84 -22 11
63 26 -15 9
22 68 -84 10
48 -7 -25 26
30 -47 94 6
49 57 -99 18
-45 49 26 13
0 16 -19 6
95 -48 77 11
63 76 -90 5
-50 2 64 20
-52 50 0 8
-62 -34 -36 29
-29 -7 10 13
32 43 -7 9
-31 29 99 15
4 35 -21 13
-26 -37 82 5
42 -41 72 13
68 96 -58 6
54 -36 38 20
70 -58 68 16
-85 59 -59 5
-48 -63 36 10
6 -94 19 13
-20 5 -80 21
83 59 -87 5
39 92 -87 5
-86 -67 70 20
98
-85 -56 -88
84 27 -36 23
100 10 70 29
30 -35 -36 13
14 -98 84 27
10 62 -91 15
-23 72 96 5
18 39 49 12
-5 -41 7 6
38 2 -1 30
-8 10 -74 13
65 -76 68 12
91 -81 -57 11
-92 -91 76 6
30 -58 -94 12
64 -94 -98 14
-100 -65 -40 5
-72 -58 24 5
-66 -40 84 10
33 35 -30 13
-1 -9 68 11
46 62 73 16
-72 13 -91 10
10 -44 94 22
-66 -11 -99 13
-68 28 -80 8
-27 -81 -57 25
71 -59 -39 19
32 -54 -61 7
36 -57 15 8
-50 -88 -9 28
11 49 21 15
59 74 -82 11
99 30 -67 10
-26 100 31 5
11 16 67 14
100 -7 -52 12
-79 -36 -49 5
10 -25 -7 5
-22 29 4 11
-86 -85 -67 6
-100 70 -92 5
-45 -94 -83 7
84 74 95 24
30 -69 67 10
-98 29 -11 7
-87 86 70 5
-53 -22 -26 5
43 -85 34 18
64 100 18 28
79 -27 89 8
81 -9 -89 29
29 92 90 21
77 13 5 9
15 -2 -60 6
98 -100 -82 21
-99 -4 -69 16
-32 10 -43 24
-88 33 -25 10
83 96 -45 23
70 92 -87 7
-63 -53 60 13
-98 -47 -77 15
-35 -41 -57 12
-26 -20 -23 12
-89 57 -2 22
7 74 -34 29
-81 -44 -20 24
-50 -12 83 20
-41 -73 77 5
3 -37 46 19
-99 -32 32 9
39 86 -14 6
79 -74 12 12
-83 24 92 21
-89 -19 69 14
-51 -98 99 25
15 -4 60 6
-61 37 -62 9
-7 -35 -85 23
42 -86 -17 6
-44 -40 -27 5
-69 76 48 24
-5 -75 0 19
-53 55 -54 7
-19 73 57 26
-80 -82 -55 5
-51 81 -10 15
-61 61 -70 10
-37 90 -83 25
-79 7 60 6
-30 32 75 18
-40 -65 -92 14
5 -100 -19 7
-39 -100 49 25
16 -62 -35 16
50 -24 59 5
-44 -15 21 25
46 54 2 18
94
6 39 -65
60 44 -83 29
97 -85 44 15
-90 67 -34 15
21 38 63 9
52 -85 48 10
7 -40 -94 10
-25 14 -14 6
92 0 92 26
54 32 3 13
-75 -85 37 18
44 -8 22 7
-82 -35 96 8
-44 98 85 9
59 44 97 9
93 33 44 10
-28 60 -38 13
-22 -17 -69 22
-58 -74 -41 8
-21 27 14 19
86 -85 -68 18
2 20 -43 14
46 -67 -63 13
-34 -7 9 8
-8 1 49 9
-80 95 -63 14
72 15 -54 8
-57 72 53 6
-8 58 -19 10
73 96 78 15
-22 18 -36 6
-66 95 14 12
57 -21 28 9
-99 -97 -76 11
100 -49 -78 5
4 -65 63 13
-9 41 89 7
-78 -8 -16 21
-45 -5 49 28
-9 59 -90 30
-52 -88 -51 10
-23 -91 67 13
85 42 -41 13
16 -90 91 23
-2 77 -45 9
-38 59 5 15
80 70 54 11
12 -25 -71 9
80 -51 -65 13
74 7 1 14
-19 -80 -80 30
-91 36 -57 6
80 96 -72 6
-66 -66 79 24
-6 -26 98 8
53 17 84 11
-28 -24 -12 9
24 40 88 14
52 93 -13 10
-46 84 -40 14
-93 30 33 15
50 -89 -36 17
-67 -52 -65 12
36 68 -13 19
-85 82 -12 8
-87 82 40 15
45 11 -3 9
-41 -87 88 9
26 -7 54 23
1 86 63 26
51 -66 -98 7
-53 67 21 7
72 -67 64 15
56 100 -87 12
-1 -42 -34 20
84 87 -88 12
17 -11 0 14
-65 27 -66 22
8 -80 12 26
63 91 51 13
50 -28 -80 20
84 -31 -17 20
-91 -14 -86 24
-59 90 29 5
79 92 19 18
-28 97 22 22
-94 34 -16 10
-89 -74 -83 12
78 52 39 11
-90 -18 26 23
36 -40 13 17
13 -80 -26 11
-93 71 -83 5
45 50 56 13
75 45 91 6
92
-53 -56 11
79 17 6 20
-51 -62 97 17
-21 14 -20 6
6 -4 88 5
-35 -91 -82 12
-62 25 75 16
91 34 -45 8
31 -43 50 11
-5 22 -15 5
4 -15 38 21
53 13 -67 6
99 -27 42 8
0 88 -54 6
100 66 -30 27
96 -54 -11 5
-91 -58 11 8
24 55 -20 26
-54 26 -95 6
93 -88 -28 26
-99 -72 -78 15
20 9 -29 5
15 37 69 8
-95 -6 -33 12
-68 97 -57 11
-8 53 98 21
-16 100 -80 20
-3 91 32 21
36 48 -57 10
91 25 44 12
-9 -79 44 13
-83 -100 36 29
58 -48 -47 9
7 -81 -6 12
13 -16 -36 5
7 -28 -91 5
57 -53 100 18
0 -92 66 6
-24 -68 -41 10
21 -75 51 14
-23 -23 -100 5
87 -27 -29 12
-48 76 13 5
57 47 -67 12
44 76 18 13
-9 -86 92 8
30 -40 -95 20
-12 -44 -74 10
26 -85 -100 11
-82 -1 -77 25
56 -50 -10 28
99 60 13 16
55 -96 -56 10
95 -62 -62 16
-45 -7 78 10
-50 -60 -35 8
23 -97 -8 6
87 -24 77 12
-37 1 2 22
39 78 82 22
93 -74 17 12
100 -85 -83 12
-81 85 19 27
-66 73 -15 10
77 -3 -75 15
-72 -35 -57 15
10 -65 -59 15
-25 100 52 5
-20 -2 57 10
40 29 4 5
-43 -97 37 10
-78 99 99 21
-44 -72 -100 12
-29 76 59 11
-7 -48 -23 11
-42 69 -68 19
-78 58 -45 22
-55 -34 77 11
46 10 48 13
24 52 28 14
6 90 -9 13
66 46 47 17
22 53 -93 12
-80 0 37 11
90 92 74 26
15 -45 18 16
-80 28 -25 8
28 -17 -5 11
-12 28 -69 30
-35 -42 11 20
30 -10 -62 15
33 85 -89 7
79 19 99 9
75
71 -36 -99
78 35 -80 27
4 76 33 5
-35 -80 32 10
-21 68 -14 18
41 -60 19 23
31 51 81 8
37 72 -31 15
13 -21 82 7
17 33 36 11
31 -10 -45 19
3 71 -4 5
36 -79 -99 18
40 -16 64 18
-80 49 -90 9
96 45 39 28
34 -10 -98 7
6 13 -18 13
-28 -55 -96 22
2 -1 61 6
-50 7 56 26
-98 0 12 19
-100 -44 -25 14
-77 -76 -38 10
6 21 -87 13
-55 61 95 15
-92 -86 -92 13
-65 47 -22 16
15 -97 -6 11
84 99 15 27
-20 3 -38 21
-21 74 -71 30
-93 67 40 6
-19 -83 86 20
54 43 -3 26
-33 31 77 7
89 -53 -4 17
-2 87 100 17
23 -95 93 22
-96 -80 -25 12
34 95 -67 16
-65 98 4 18
-37 -40 79 8
-27 67 76 19
12 9 99 24
61 34 47 5
-97 13 -38 23
-47 -83 -86 5
78 -97 -46 20
-21 36 1 12
12 56 -27 7
44 -79 -72 7
0 -53 -25 22
84 -84 -8 12
100 -30 -86 6
46 80 94 23
25 89 -90 9
-73 -83 -3 19
-89 -22 92 14
-86 97 -100 22
-44 -43 53 15
-55 -20 -92 21
-4 -81 -45 7
-89 33 99 23
72 -8 -6 21
-32 85 48 9
-13 100 41 10
-19 32 24 7
-50 30 -74 17
20 -19 9 12
-1 92 -26 5
66 -12 -65 20
14 -14 39 18
47 -13 17 7
-88 -82 36 19
54 99 -37 16
43
22 91 -7
8 8 -81 8
-88 30 0 25
-84 -1 70 25
-50 44 -87 23
-69 88 68 10
70 -95 -56 12
-49 -76 14 24
17 82 56 21
74 89 -40 22
6 38 34 5
57 -73 -94 6
-22 17 69 23
-24 30 -17 17
-18 63 61 18
-19 -11 16 27
-40 65 -24 6
82 35 -1 12
64 28 37 29
-35 -88 75 28
-86 -53 42 24
48 -68 42 12
5 70 -5 6
10 17 16 11
-88 82 13 15
65 70 88 6
15 50 -6 15
-59 81 33 18
-4 -35 -92 12
-83 -96 -18 26
-34 91 75 16
-45 -65 -98 24
87 -44 26 17
-20 -100 -33 26
54 67 -19 10
47 79 -77 10
56 38 -30 10
69 -69 -76 5
-82 -9 -30 24
98 27 86 8
-5 -53 32 7
84 37 -44 19
18 -23 -20 18
83 -53 -22 14
64
4 48 -41
57 68 -29 12
-66 2 -23 18
-41 66 -61 15
100 -62 -45 8
-55 5 95 22
45 -88 -65 19
-49 -55 -94 10
70 45 -86 15
76 -26 55 10
47 7 95 15
8 -46 -20 6
-74 44 -47 23
53 29 16 28
-59 85 -87 5
-24 87 85 22
-22 -73 74 28
-80 -17 64 14
71 15 -73 12
-82 -65 10 20
85 50 -67 6
-31 20 -71 7
-92 -91 -53 13
5 -25 -71 11
-10 -92 -29 8
7 98 -64 16
85 9 -17 20
10 68 2 11
55 -99 77 28
-74 -63 64 13
95 -100 -19 8
-92 28 80 23
18 -1 17 5
0 43 -41 24
-64 -28 -11 9
-29 99 24 27
73 -68 -11 25
11 -81 89 9
-41 47 -8 20
-56 100 -54 5
49 14 -46 16
23 -52 6 5
69 90 -2 24
20 81 -13 7
4 -79 -64 5
88 71 54 6
-54 -84 -68 7
0 48 0 10
-84 -32 -86 14
-31 -14 47 6
-62 92 100 12
1 -78 -100 14
-9 -60 -53 20
-87 79 -15 9
54 93 32 10
24 -24 84 11
66 -30 -50 17
93 -75 -39 6
-82 -29 91 12
-65 91 6 12
72 22 82 14
-63 -29 -67 7
-52 38 -88 17
-4 -14 -39 16
-30 2 1 17
55
72 88 93
-69 -36 22 23
91 30 74 13
85 45 -14 17
-36 -75 -84 19
-53 6 67 25
-58 -75 17 6
96 -6 -85 12
16 -94 -87 11
26 17 6 7
-88 -68 -71 23
24 27 26 12
-96 61 -42 27
-39 59 -83 5
27 -64 19 18
-64 -94 98 20
-99 -92 2 26
-80 43 89 12
11 -39 -95 19
6 -6 94 10
-57 99 -20 14
42 99 -30 12
5 -80 -44 9
47 0 19 20
47 -82 -32 7
56 18 85 15
-41 -59 51 19
34 -13 -73 11
88 -73 -1 26
-97 26 38 8
85 6 41 14
77 -14 -25 20
33 72 97 23
30 -98 99 15
-18 47 58 14
-6 50 -48 24
-90 -15 -47 12
-71 -81 39 16
62 -76 -66 22
-33 73 -12 15
-60 78 -99 8
-83 63 50 25
21 28 -98 24
-60 25 -67 10
-24 20 24 20
-62 -41 -82 7
19 -31 -34 18
-94 3 10 23
-19 -66 -55 5
-63 -56 69 9
61 -67 54 25
11 65 31 16
-76 14 -48 7
-36 -17 10 16
-23 -3 -46 20
95 99 -51 9
94
-57 65 -70
-53 91 -99 6
83 92 -51 12
1 -72 48 17
74 36 9 28
-99 94 -55 15
-21 -71 -60 8
40 -55 18 11
-4 36 37 17
81 -37 85 16
-24 51 -80 23
7 -71 -23 10
-39 -12 86 10
51 34 -67 9
10 47 75 23
-91 -49 37 13
-95 5 56 8
-74 99 17 6
-95 -46 80 7
40 61 -17 19
16 -3 -90 5
-36 -56 -56 9
72 83 -14 7
-44 4 -56 10
20 88 6 5
24 -24 19 23
-87 -10 54 5
-55 -99 -94 27
-31 98 -82 6
-25 -21 -96 17
-1 3 -79 15
87 48 -50 24
89 -71 -58 7
49 -33 -100 25
-6 -58 -4 6
75 94 15 8
43 -91 -9 28
90 -53 -5 9
68 -89 -63 12
-89 -10 -43 23
13 -33 66 17
-9 89 10 6
-94 53 -64 24
35 -96 -79 18
76 14 -88 23
-63 -69 -39 21
-16 -85 -14 16
-100 -100 -12 12
66 96 -1 6
31 91 -67 10
-100 15 -75 7
-46 93 61 30
-23 27 -25 29
-53 36 -54 5
-76 -30 -84 23
56 -41 -42 18
-6 98 -32 19
6 -60 -45 14
12 53 -70 14
99 -89 -92 7
3 -10 -21 12
-32 -66 41 11
-62 -63 22 16
44 2 -40 5
44 7 6 8
-81 52 29 13
76 84 91 14
-21 -84 22 5
22 -38 -44 10
53 -79 50 29
55 34 -26 7
66 14 67 12
-71 21 100 14
6 -70 22 7
-31 -42 74 13
26 99 43 28
16 25 1 10
30 55 -86 6
-3 -94 87 23
-36 -24 -62 14
-67 -98 41 15
-35 41 70 19
-73 -29 23 13
-66 56 3 13
46 70 -69 11
-92 95 -19 20
-46 -73 57 5
-65 14 -100 18
25 -47 -72 5
56 -27 73 9
-81 -61 65 9
78 -16 -3 25
-14 6 20 13
-5 -93 16 11
88 -79 -28 7
91
-90 75 2
-96 -58 60 5
81 -95 4 27
-6 98 82 11
-18 -4 46 17
69 71 -10 27
14 17 -97 10
-80 59 -7 9
100 -43 -18 7
98 88 95 13
-79 -65 -7 5
53 4 -35 9
-35 25 -4 23
98 -57 -65 5
91 -67 70 7
39 -82 -4 16
79 -30 89 11
-82 -65 53 5
-40 100 -46 11
-95 55 -56 24
-97 -12 -97 6
-29 -89 -85 11
-41 92 16 16
39 65 11 7
65 45 -65 18
-24 31 -58 5
-50 -85 15 30
-56 80 -26 8
-2 43 44 12
22 -76 98 18
-9 47 79 23
-20 74 28 8
-69 83 49 23
-69 84 -7 14
82 72 -95 8
78 -95 85 10
84 -58 -97 14
40 -85 41 25
-91 44 74 5
68 87 -58 20
-2 -11 -19 6
46 28 -10 10
-82 -5 3 7
65 -54 -12 8
-34 -88 -50 11
-82 -40 92 8
-5 -93 -41 6
45 75 -98 16
0 72 -47 8
-31 -88 66 8
-22 81 -22 6
32 -47 9 7
-97 -72 76 6
48 55 88 18
36 -89 -91 18
98 10 -16 20
-9 41 -42 19
-91 69 -88 5
-92 -62 21 13
-18 -15 -57 23
-88 -84 98 18
-77 -19 -54 5
-21 -15 90 12
-85 5 -34 18
-100 68 72 13
58 -78 77 11
-26 -100 95 17
-44 24 75 13
-56 -69 -36 10
-66 -7 -51 7
-48 81 -68 15
72 49 46 5
94 4 51 30
36 -19 61 28
23 -1 21 13
35 98 80 11
94 1 -78 20
58 -30 -79 6
89 36 97 22
62 95 48 7
-67 -50 -62 16
66 6 -9 6
-5 96 -36 12
19 -40 -30 24
53 -19 -95 11
41 -51 -69 21
26 78 43 9
-55 -38 -28 18
-63 -6 50 28
65 -79 -44 18
10 18 -7 15
-95 -47 -3 11
49
25 -75 54
10 94 -88 18
20 80 -33 22
-18 -98 -17 6
-30 -57 -94 13
-84 -18 98 19
-79 80 -3 27
-63 69 -77 14
59 -4 -89 8
18 -50 32 6
50 16 -61 24
-99 31 -47 23
16 20 32 17
83 -93 -11 13
80 -15 -31 17
-84 -100 -48 27
-24 53 -77 8
74 -54 -84 16
52 89 82 10
99 36 72 11
-52 -85 14 13
-72 31 84 6
44 1 53 8
-1 -96 -96 8
-76 -31 -66 21
-25 -72 -32 8
-12 84 -19 12
-91 88 -73 19
40 -46 23 10
4 -34 0 10
-22 41 82 28
13 -12 82 6
88 -21 57 19
-86 78 100 20
-66 -91 34 5
-67 -16 24 17
-9 100 -39 8
-95 53 26 10
14 -60 -28 25
-66 15 15 13
-42 -100 -62 8
-52 -59 -21 11
-65 49 -98 7
-33 -49 64 27
50 -25 1 21
-39 98 74 24
21 73 72 14
95 30 -87 20
77 72 6 29
23 -99 56 17
85
97 -83 -8
-81 -41 86 6
25 73 -49 11
21 -11 -81 28
-13 -2 94 18
-99 -2 34 24
21 83 96 13
27 66 72 7
81 -12 -20 11
-100 58 -65 21
-52 24 81 20
7 -96 -66 6
-25 35 9 9
-40 49 51 13
-19 -91 91 5
47 -18 95 11
-42 -76 2 18
43 -72 -19 8
-97 -98 100 8
25 -54 -52 13
-48 -19 -27 24
-8 41 -93 14
-6 -68 -14 10
-46 46 -92 7
100 93 38 11
-94 -62 60 12
72 91 -73 18
11 35 96 7
65 -26 99 5
67 60 43 19
19 68 -84 5
52 -57 32 18
69 15 -19 12
45 -71 86 15
-17 27 45 6
44 -84 -62 18
-89 10 -5 5
1 -52 46 22
-95 12 99 28
-56 98 -61 18
67 5 35 21
-12 52 92 15
-40 18 -94 9
-55 -16 -82 29
-17 -11 36 18
71 40 -82 28
33 10 -47 8
53 87 59 6
31 -94 13 22
-22 30 -23 10
-27 95 32 22
-70 -69 -13 10
100 44 -4 20
6 14 56 16
-77 -48 -13 6
-85 3 -19 9
-71 53 46 15
16 -70 -97 28
-74 88 91 16
-80 -89 -84 28
-37 -61 -99 19
-66 -64 87 12
57 -63 -49 8
97 -53 43 25
61 63 -32 20
87 24 54 12
23 -30 -15 13
-3 87 -25 26
-71 95 28 8
-90 -66 37 6
13 97 -72 20
90 -69 -88 18
26 33 4 5
33 46 -68 9
-28 -86 97 5
84 100 72 10
64 -54 -5 18
-1 -89 -32 16
3 -25 87 8
43 25 85 27
30 -18 -44 8
47 56 0 6
9 29 -46 16
-68 68 -88 16
82 -85 -25 20
-98 28 51 7
63
-66 -55 -12
35 -3 96 5
-47 -64 36 14
-34 44 -63 9
-6 97 -5 5
-58 -23 -92 27
-86 -48 -57 7
-87 79 74 12
-16 -92 45 9
96 -98 66 12
-68 94 99 21
-47 11 -44 19
17 -48 98 5
-33 -4 -9 7
87 19 -13 22
66 -91 70 13
-31 47 30 9
-29 30 15 9
33 -63 -17 28
3 -18 11 19
-64 42 -11 20
60 -63 -88 13
37 -98 -68 23
-12 -1 -19 6
-33 -90 42 5
-8 -40 -60 25
-74 -57 -16 26
-99 -61 46 6
68 49 -38 10
67 -18 -10 17
-1 99 -57 24
-92 13 -56 23
74 -98 1 26
29 95 46 12
-48 69 -99 25
4 59 -67 13
35 46 88 30
-48 -52 5 5
100 40 -36 8
-91 -83 -87 11
-100 -36 -74 14
97 69 94 13
-98 95 -20 15
47 -47 34 6
23 34 5 11
-34 -95 -79 8
19 2 92 9
1 -6 44 10
82 56 -83 6
38 -29 66 30
-85 -16 88 11
-25 -31 -85 5
-11 -90 1 5
71 52 29 5
-34 -88 -5 8
-37 -38 91 7
-31 67 -29 5
56 -23 -57 16
-30 54 -24 8
24 -98 -1 10
86 -59 -26 18
32 -3 -72 12
-38 2 89 23
-85 47 35 30
83
4 87 10
62 -34 12 9
0 -56 -66 22
-52 -18 0 19
-86 37 -68 16
-49 -46 55 11
-51 53 -69 19
-57 51 -14 16
-39 66 53 12
49 86 -24 7
2 44 4 19
9 22 -88 28
-86 83 -62 13
-2 95 15 18
-64 -42 92 5
75 64 -16 15
44 15 65 30
1 -53 23 16
-88 -4 54 15
27 -11 37 7
-84 70 -31 20
-76 -7 -78 8
-75 -70 -30 11
91 15 -45 30
-55 98 -57 11
-14 -55 -28 14
69 -6 -9 10
74 58 82 25
95 -40 -82 6
33 -92 -81 24
9 -85 -23 9
-38 28 -48 12
81 100 52 25
-7 34 94 20
-97 -96 6 29
-53 -81 35 10
0 32 -26 9
54 51 -73 16
-95 -21 -27 28
81 -31 -82 9
-56 -23 -80 6
-9 -88 53 30
-20 -82 -20 6
33 69 95 18
47 -15 -94 20
64 -37 -35 6
94 29 56 17
60 -71 76 12
-92 29 48 13
-54 73 -32 10
29 8 -15 17
28 75 -87 15
79 86 -86 11
95 -44 66 11
19 -64 92 11
85 -10 15 19
-69 -18 91 5
55 23 -24 7
0 -12 5 8
-85 -83 -80 10
51 -15 25 11
36 98 -13 9
-12 7 1 5
15 -98 15 8
-57 -83 -64 20
45 -8 3 5
35 -22 -38 20
-80 -71 72 27
82 -87 -100 5
-21 -6 70 5
96 90 6 19
24 -41 88 10
-1 -36 74 15
-26 -60 16 12
-69 38 -97 6
54 -49 56 13
-98 -4 94 17
79 -95 -55 19
47 10 25 5
49 -89 4 26
-96 -56 -64 12
-17 20 49 18
-82 73 38 29
40 64 23 23
80
30 96 -100
-82 -56 -94 17
31 -37 13 16
37 -7 24 16
97 -31 -48 17
-26 -79 92 8
-35 12 17 14
74 95 -65 10
-29 53 28 16
-72 -86 7 11
-90 -53 -57 11
-77 14 -89 7
58 35 12 9
-94 -29 63 22
-39 67 -89 10
-57 36 -83 18
2 70 57 21
-23 -52 -3 12
16 97 1 25
29 -96 -14 12
-8 69 25 8
95 58 2 28
-68 25 60 15
30 73 -24 6
-69 99 26 21
-5 -87 43 5
78 99 -30 8
-74 22 12 20
71 36 -16 7
-93 8 47 10
-56 -22 -65 23
93 -73 -95 24
2 34 18 21
62 49 -97 7
-62 -42 8 25
38 -47 85 5
24 -54 -9 5
94 25 -58 17
52 9 -62 21
68 100 59 17
6 -78 16 5
-63 52 -23 23
21 37 82 12
14 61 -66 8
30 -31 -87 8
-14 72 -60 9
-83 -95 -89 15
9 -81 -19 6
-30 -80 -45 5
54 -68 -20 24
-22 57 -69 5
-30 -42 51 13
-99 25 43 8
-10 -72 62 19
47 -88 -78 19
-80 75 -82 23
-72 -97 100 9
12 99 -55 19
-2 -23 -81 18
-21 18 -79 21
95 6 -7 8
17 -57 -34 12
9 -38 84 13
-71 -64 -29 12
7 81 -99 25
71 -11 -93 7
-61 -45 -46 5
-24 -60 -77 11
-28 -6 37 13
46 -76 54 6
72 57 -35 11
1 2 -16 5
98 34 67 12
98 57 93 15
54 80 82 10
-40 -69 -29 5
-31 -22 -1 7
40 50 -72 5
17 34 -74 12
66 -96 94 23
-6 -51 30 17
33
57 85 -10
-23 -61 -53 30
-93 -50 7 9
95 80 28 5
-18 19 -69 6
-50 -66 62 26
79 50 19 24
30 89 48 27
-88 -59 37 14
-66 85 63 30
16 -55 -9 23
77 -18 -78 11
89 -100 -39 19
45 27 -11 5
-8 6 56 27
51 19 24 7
-30 65 71 8
91 -79 92 14
79 -60 23 22
15 31 5 9
-62 -95 -44 19
-50 94 -96 19
-61 8 45 8
51 75 -12 22
95 82 -31 20
-54 -7 -92 18
-91 37 14 5
-62 -41 15 10
-68 78 -52 11
59 12 96 12
-71 -93 -99 18
53 87 -60 9
22 -79 -87 21
-78 -11 -22 5
41
-74 73 22
-87 -85 -39 18
21 -12 -82 23
-70 87 29 22
-22 -53 -53 20
94 -32 63 5
-13 -43 35 15
77 -46 72 5
-94 -14 -81 10
-57 10 19 14
35 57 -4 16
47 -44 -15 15
53 -41 -50 6
74 18 55 22
99 -77 -40 21
3 42 36 17
68 -12 -90 5
97 -24 6 9
-50 -100 5 10
-66 57 13 8
-91 -18 57 7
66 52 42 10
45 53 -63 19
8 -31 74 25
-66 -7 -56 6
24 97 59 16
-29 27 -31 13
64 84 75 14
89 -74 83 9
-73 48 59 17
90 -51 51 8
76 -81 45 18
-82 65 -92 29
59 62 96 12
-43 -94 -87 29
82 92 -36 9
66 -5 23 11
-87 87 95 18
-30 94 -72 19
97 29 92 21
-20 -5 -63 18
-42 63 83 6
23
74 -94 35
-89 -94 48 7
-12 -65 4 17
-24 -90 98 23
-33 -3 85 8
35 -41 38 12
32 -95 72 12
-26 57 85 30
13 6 -92 5
28 99 -53 12
-91 23 -23 19
-50 83 -58 5
38 -37 16 10
17 -8 8 8
19 -78 30 12
-32 -66 -89 25
-39 -74 30 19
-92 12 37 25
62 -73 96 10
6 6 -24 8
64 -96 -66 12
30 -55 88 26
-27 82 -89 18
4 11 20 5
38
-79 22 29
-12 50 43 16
-15 -58 -99 18
54 4 83 19
-37 -95 58 27
-15 6 -83 8
-96 55 80 9
56 -18 25 10
97 -15 14 15
91 -88 -66 13
-35 -53 -40 8
-81 -77 34 23
-11 -80 -64 20
-33 -90 -95 15
-87 31 -77 25
71 30 -74 7
-6 64 -49 7
3 92 95 15
73 100 59 7
59 56 -57 5
-80 10 84 29
38 -2 -57 5
47 42 66 5
-48 16 21 28
35 -80 -20 13
-14 -39 -32 12
-83 -97 99 27
-37 12 -51 28
-49 78 -53 20
13 45 -40 19
-50 84 77 28
-81 -44 80 20
79 -75 -41 13
27 10 53 5
-55 -53 -1 18
76 -65 20 11
13 -27 -92 22
44 74 -51 5
70 83 -11 30
70
-79 76 90
77 -48 -77 5
99 -90 48 9
38 51 57 13
-15 -50 43 8
55 91 -53 17
36 6 -39 8
30 -39 13 23
84 -22 -92 25
-54 67 -79 23
-59 9 46 12
64 59 -15 17
3 15 -30 22
-49 61 95 18
100 60 -7 9
-7 -56 -67 20
71 87 16 5
88 -86 -99 9
27 3 82 21
15 66 80 12
80 65 -55 19
20 92 -16 15
12 -100 -81 14
-10 95 94 20
84 27 -63 8
-10 -90 0 13
-27 -58 -7 10
79 76 58 22
-68 41 13 27
-45 -78 -37 8
95 26 80 21
5 63 -46 10
-88 -39 -22 29
-25 25 31 5
73 -46 24 6
-8 -98 87 8
51 -1 -97 14
-32 -13 93 6
-40 -25 38 27
87 -56 -56 16
23 42 25 15
-85 -60 47 23
-13 37 96 18
35 -100 -35 15
27 -36 -81 10
62 -97 34 16
-56 -1 -32 16
7 -48 90 14
51 -50 -50 18
-83 -99 95 26
83 -65 5 19
79 -11 -16 13
15 93 50 16
14 -2 -66 18
81 -26 49 11
-86 -4 -67 14
-48 23 -90 13
-100 -5 -5 6
-66 89 70 20
31 -75 11 11
42 -82 82 18
-82 19 54 14
22 42 -4 13
61 15 56 5
6 45 -25 5
-24 -24 -25 18
94 12 -68 6
57 10 -22 9
8 -5 41 12
16 33 71 9
8 94 -97 11
77
-75 38 -98
-65 50 -9 15
59 -58 -27 28
-58 8 -55 10
-34 -58 68 21
-9 -29 98 12
-90 -3 70 6
23 23 -64 9
2 -53 44 5
32 -26 19 6
-97 50 97 23
22 45 5 19
-70 -95 5 16
82 -92 41 22
-40 34 29 30
-36 -12 -37 19
45 -5 -6 10
73 51 24 30
-28 57 71 10
-27 90 -57 10
15 -44 16 9
1 -76 1 25
-24 13 1 8
81 -21 -39 8
-77 58 68 8
-43 99 -10 27
-93 -49 33 20
23 -65 31 13
18 15 85 7
26 24 49 6
-60 64 -82 17
-54 34 -44 7
8 62 37 10
6 29 83 11
17 -95 -79 25
-84 19 30 16
44 -3 -27 8
49 -8 21 9
16 62 -73 21
-39 -7 -99 18
-74 -13 -25 9
-12 40 -30 8
66 -27 -79 9
-13 97 89 24
-60 100 67 5
32 -42 67 29
69 82 -12 8
-65 -75 -66 7
-93 93 48 19
-9 80 19 12
44 29 -84 20
63 24 -33 17
-16 37 -69 16
51 98 -85 5
-27 14 -32 8
-14 -29 34 14
46 12 55 15
9 -28 -52 8
-59 17 91 7
-54 -34 79 7
28 11 27 16
-56 -98 -95 6
8 8 -85 9
-1 92 38 8
-69 61 -40 9
-84 -60 90 14
21 0 59 6
35 -10 94 11
-55 -57 -36 28
-67 94 98 17
-6 8 -52 6
94 -72 -80 13
-14 75 -76 9
93 -40 -65 18
27 6 -95 8
-40 -12 73 16
-24 -11 -70 13
80 74 77 17
83
55 57 -6
47 -71 49 27
48 58 90 12
-90 -82 85 30
36 -89 -11 22
-100 -33 -40 8
-36 -65 -96 30
-29 -56 45 10
62 62 -42 11
6 95 -77 11
-29 51 95 30
1 -13 -53 10
-69 -4 57 16
-38 35 -100 10
48 31 -69 18
13 14 94 14
-41 98 92 17
-21 -62 96 17
93 -24 73 6
61 -47 90 12
29 -39 65 6
29 74 -29 18
94 77 -12 29
-93 72 86 6
-23 -48 -21 25
36 44 -7 8
32 70 45 7
83 45 57 10
45 25 53 23
-84 67 -65 25
29 -20 -86 21
-18 -80 18 9
-24 -99 -6 18
-93 -35 -81 10
-87 36 67 25
-58 93 18 8
22 -65 3 9
32 -41 -64 9
34 -96 73 6
94 -93 54 15
-100 -89 -18 15
-21 29 -41 20
18 -80 -87 23
99 46 -49 7
-63 -79 18 8
81 -55 -20 22
-39 -13 100 16
78 64 73 9
91 47 -89 30
-53 -37 45 11
42 99 -60 6
-13 91 69 11
7 100 -25 11
-30 -20 -55 12
-28 -15 46 8
85 26 28 9
53 -23 -23 19
29 -94 31 6
76 -1 70 15
-53 17 -42 5
-94 -93 -81 25
-67 -46 -41 21
33 92 39 8
-30 69 34 10
-68 73 -18 24
-21 -9 12 24
71 -47 -60 6
-65 -15 -25 12
-69 -73 -6 7
8 13 42 9
70 11 -91 5
16 75 17 18
62 84 72 15
-97 -50 5 24
-78 11 -50 10
-56 -83 -43 5
-100 35 5 26
62 95 -22 7
-12 -33 -74 13
4 4 -35 14
-25 88 -72 14
-37 72 62 8
38 -86 -51 17
-49 36 23 24
90
54 78 -33
-64 10 -78 10
39 -85 46 25
-71 78 22 20
-34 26 -59 19
29 -22 -65 25
-32 62 15 9
55 84 75 13
-17 70 -60 19
-57 -37 65 17
-35 13 9 15
-7 -51 -34 12
45 13 23 24
-70 -84 4 17
-65 74 -75 10
-77 58 55 9
-25 78 23 6
11 44 2 6
90 -30 -62 6
62 73 -10 11
73 -57 34 19
71 36 -19 6
84 41 -46 11
48 12 -50 7
82 -99 41 15
90 82 52 11
-5 -4 55 15
64 -60 -76 17
-49 -87 24 10
-80 3 9 18
-20 -51 -99 20
14 60 27 12
-58 27 66 9
99 91 -25 17
46 -24 67 23
-93 12 -69 15
-61 41 82 7
-41 -57 55 5
-95 20 95 26
97 -88 -90 23
100 -82 -5 18
-62 78 97 23
8 -69 20 14
50 30 -87 28
75 -41 -21 23
-2 -89 -54 9
-22 -79 2 19
92 40 83 29
69 -56 91 7
52 81 -84 17
33 -40 16 23
-13 93 -100 5
-48 -69 -51 21
58 24 -31 12
20 92 30 7
13 92 61 14
-80 -46 -78 19
34 -82 -52 24
3 -97 -33 11
-86 -39 20 15
4 -65 -6 8
0 91 -18 30
12 57 95 8
31 47 -23 16
-60 -13 -58 9
-41 89 -69 6
-96 33 50 18
-30 7 46 5
92 60 -1 21
100 -14 -86 9
53 -18 95 6
-95 -99 -41 13
91 12 1 24
43 16 94 11
74 -25 -94 5
-16 -33 -63 17
8 51 -78 10
-82 -100 89 24
-33 9 91 14
-62 49 -78 14
-26 -96 -86 6
85 78 -76 16
-40 92 -48 6
-77 -90 -81 15
-14 -15 -27 17
51 -86 85 11
5 13 4 8
-32 40 99 8
-54 -18 -17 19
-35 -62 73 11
-67 41 -16 16
99
88 54 16
5 -78 13 7
6 43 -52 5
93 86 -74 12
59 92 -57 23
-12 8 -34 25
17 -32 -9 9
-98 -24 -34 8
82 -33 -20 14
-51 75 100 11
15 -62 93 8
93 16 90 14
30 69 21 13
-99 3 -68 15
57 -48 97 26
44 -73 21 14
99 47 -72 11
-97 46 -67 6
-96 -42 -25 8
-39 87 70 11
50 26 9 17
-87 67 32 10
65 -65 -11 5
-41 88 -13 17
-47 -86 -47 15
-77 -57 98 20
-38 12 56 8
-2 90 98 15
31 -68 -29 20
1 -87 -18 12
-72 -82 56 13
-84 0 33 5
61 -44 15 7
-81 -95 -17 23
-91 -60 46 16
-60 72 -31 5
77 77 -20 20
36 67 -99 8
33 -75 -83 5
85 -39 85 5
18 -33 -99 23
-33 82 25 10
55 13 -88 23
-26 68 6 10
80 5 4 5
-14 85 -97 29
-40 68 -73 7
96 66 -2 8
-50 -56 -95 10
-44 46 -34 21
-12 82 67 12
85 -74 -13 15
5 -86 -72 7
79 -34 -61 18
-3 -98 2 11
-65 73 31 9
22 -37 46 26
98 -80 88 9
-74 59 49 5
-98 81 20 5
14 59 -26 10
100 49 -29 11
88 18 51 14
42 56 62 18
-62 26 -67 20
-37 -42 24 5
69 -11 -22 5
28 -32 -29 9
22 -13 -46 14
70 40 -30 15
59 -13 10 11
99 -95 -34 14
86 62 76 24
33 97 43 15
-67 32 22 27
-2 79 -26 11
37 96 -21 16
-27 -70 -88 7
-42 -26 -67 26
-84 89 -18 25
-26 -49 81 20
-2 34 37 11
-80 19 -84 5
-92 -51 14 17
-60 -32 35 22
-98 -28 -56 7
13 54 -84 8
35 -88 80 12
48 -64 -53 6
67 -74 -74 7
36 69 93 7
-35 -40 -21 18
31 85 71 7
-73 4 54 14
-26 64 45 6
58 -75 70 6
4 17 60 16
-58 -13 -23 12
46 -44 -66 11
-61 -82 14 7
91
78 35 56
61 90 -74 26
74 51 66 8
-31 -45 -18 12
-63 59 -31 5
19 -11 41 13
77 99 61 24
91 79 -6 5
-27 35 -92 13
89 46 -15 22
98 -92 1 30
61 81 -2 14
26 -60 96 20
98 -54 -44 16
-83 -22 24 23
41 59 42 12
-14 14 -16 14
-74 -92 -38 16
-57 -92 37 13
29 98 -100 13
88 59 -61 10
-13 31 85 19
96 -88 58 13
71 24 80 8
-80 -92 57 5
-37 3 -82 6
-13 70 -92 9
43 -100 49 25
58 -82 12 11
-88 21 62 19
50 86 39 10
-87 43 -63 19
42 9 -48 23
-72 79 74 6
37 35 69 19
-87 -80 -5 10
-49 -38 60 18
53 -11 -91 25
84 12 9 6
12 29 -75 13
43 -65 -44 29
-33 45 -49 27
-41 -95 -51 17
31 85 97 28
23 -54 65 7
-16 -52 54 10
-37 -59 -78 15
-93 -28 -15 15
95 91 -42 16
-100 -94 -80 20
-20 87 -4 6
-68 -19 -52 9
-16 62 62 7
99 -49 51 12
-83 83 -14 11
-41 -23 -9 10
41 -31 73 18
-11 -70 -25 9
87 -74 -36 6
37 -16 -3 23
-29 -68 76 14
-99 84 99 10
-63 42 28 24
87 24 -95 12
-79 31 95 10
-26 78 64 10
20 99 -11 22
-11 1 -43 5
75 -38 85 7
57 4 23 14
3 -13 -13 12
-57 99 -6 19
47 36 -6 6
-56 41 -87 16
-25 -5 68 13
-51 -44 14 14
40 23 25 8
-89 -54 74 5
21 61 -42 16
96 -51 72 6
-17 23 38 26
-95 -33 -43 10
-67 -49 -37 22
-1 -25 -100 25
65 28 -1 7
-46 4 57 10
-6 94 -40 10
-9 -94 45 18
-50 53 66 7
-3 81 -96 6
-46 -33 -66 12
82 -54 12 11
53
56 29 72
24 7 78 17
85 -55 62 8
-43 96 17 23
-20 45 70 5
-1 -60 19 21
95 14 -59 14
-22 -11 97 23
96 74 -49 26
-97 -52 53 9
4 31 95 10
-86 -5 84 28
89 -14 10 9
-61 -28 -65 13
-84 39 -98 22
37 97 16 17
-54 -15 35 13
-41 1 -67 7
-68 -64 -34 10
51 49 70 6
-75 14 29 23
9 -82 45 9
-79 -49 -38 5
22 14 29 28
-26 99 -87 17
55 57 -70 20
-46 -96 34 26
24 -22 -22 26
-96 47 74 9
-83 82 12 16
-48 9 -26 30
-61 -82 -64 20
-14 -63 94 23
9 30 -40 13
-22 -93 -2 15
-6 64 -96 6
53 -78 -72 21
38 -74 -15 12
5 -78 -57 25
-99 -35 -93 9
-73 -55 28 13
-54 36 -88 7
63 -61 -13 14
-59 43 55 8
-79 55 91 15
-72 -78 87 21
-1 24 -71 14
64 -13 98 28
8 -52 61 18
-21 -43 -90 15
10 68 22 17
61 -55 77 6
13 68 70 25
-99 90 58 27
64
18 -25 -59
-67 -15 98 25
87 -40 7 19
91 -33 -38 10
-15 59 -86 15
99 -40 71 22
-8 -4 100 5
69 -93 -98 18
14 38 97 18
82 28 -10 28
88 99 -96 11
43 4 -31 6
-63 -87 -21 12
-57 -18 -48 17
40 -55 -90 5
-58 -24 -12 10
29 -38 -20 6
29 24 -97 9
22 23 -35 10
-3 -93 60 26
-32 35 48 18
-70 -29 -83 18
-74 -49 46 7
-47 99 -88 18
27 36 41 19
-29 -38 12 21
6 71 0 5
-14 13 -22 6
-31 100 72 16
89 81 9 22
22 -29 -56 21
95 44 -78 19
99 4 40 26
46 27 -9 7
4 13 -82 14
-60 39 -95 17
19 10 -6 6
33 -17 47 12
49 -36 96 15
-72 90 -22 22
50 -81 -36 11
17 -51 61 7
26 89 -58 6
-1 -10 -39 6
11 -65 -98 22
-18 -28 58 18
48 57 -51 17
23 99 -19 14
-61 51 -43 12
-37 56 93 29
0 36 -51 11
11 70 27 15
-24 41 -76 7
48 12 82 24
79 22 -99 12
29 -78 17 28
-37 68 -57 14
5 -17 33 16
-99 -56 75 15
-96 -65 4 21
4 98 75 18
-22 -74 -18 23
-33 25 -96 6
-51 85 29 25
63 -57 -58 19
67
20 39 -46
30 37 99 11
68 54 54 14
52 -34 37 24
92 -58 -22 13
-80 -44 -100 16
-68 13 -100 9
9 28 -35 29
38 72 -24 18
84 76 12 9
-52 96 94 16
78 -14 55 13
-66 -68 7 6
14 23 52 17
-26 84 -30 11
-98 -12 62 26
-33 86 30 16
-7 -4 -49 9
66 39 -20 7
-19 -86 -82 17
39 96 83 10
-42 -34 -6 7
39 -2 85 12
-27 -84 69 19
7 -57 88 15
-2 21 17 17
41 64 17 18
32 -22 -19 25
84 36 -99 26
22 -93 -32 18
-70 -62 -35 10
25 74 -76 18
-54 57 71 9
51 0 -80 12
-79 11 -58 21
-31 11 45 6
-68 -68 -99 7
82 -11 -8 24
-59 -27 47 10
-51 7 -4 12
-58 -94 96 15
-73 45 32 20
-1 -73 42 18
-42 21 -34 10
10 -13 21 6
-25 -6 22 14
-56 -72 -73 20
-34 58 33 7
51 -27 86 13
34 -35 -64 9
-22 59 76 23
-78 -100 8 19
14 79 98 6
-18 48 2 10
66 90 -35 16
97 -62 -100 26
-23 -41 -52 8
-79 50 81 7
98 93 -94 9
-56 43 -80 17
-29 -13 72 9
45 -32 -100 18
-17 -92 -13 20
14 -41 100 5
2 -47 -93 13
-43 -85 21 21
71 -95 69 17
84 49 90 19
49
46 -6 -89
99 2 3 13
80 -2 69 28
-15 52 13 17
-3 77 70 27
-5 -1 54 13
47 22 13 18
60 -36 6 17
39 26 -28 17
81 -83 52 7
-96 -76 -13 15
-30 -61 47 28
23 -49 64 5
56 92 66 5
-42 36 62 20
-83 33 28 7
-4 -18 -22 13
56 -50 54 15
92 28 91 10
-32 9 -68 10
-75 -88 42 12
-80 -94 -100 22
-36 -22 -94 9
-97 -17 64 29
36 67 22 15
87 46 -31 12
23 38 -67 5
-26 -45 -98 10
-1 43 -51 24
-68 72 -40 9
-92 55 -87 23
16 -44 -48 24
-98 -80 81 27
7 85 -1 19
53 60 -43 5
87 -72 -74 10
-61 86 20 19
26 68 86 5
-52 -90 16 6
-50 -34 -68 10
44 0 -76 28
80 -80 6 21
61 7 -13 11
-28 -88 -65 8
23 -70 -5 12
-4 38 59 9
39 -87 -77 27
87 -56 -29 9
57 -15 34 8
72 16 -94 7
94
-25 43 -67
-43 -32 37 10
-68 8 -32 12
49 -12 66 10
24 -27 93 11
-87 97 69 13
21 -82 24 5
100 -40 -51 17
98 -26 -18 8
-92 5 3 26
-39 -74 23 9
48 -40 25 16
24 -71 -8 16
-19 96 -80 20
4 -91 93 9
-12 -23 -8 11
33 57 83 16
-76 73 -8 25
87 82 -79 23
88 -52 -89 14
-44 -23 -61 5
-81 -52 -54 14
63 17 -96 17
-48 -9 -79 14
-70 25 -96 5
50 -49 -94 7
-3 92 57 5
-7 -36 10 10
5 32 73 6
32 -83 42 6
38 -39 -19 18
17 -59 24 18
-41 -87 81 8
-61 53 26 6
3 -6 64 6
-31 62 84 8
-3 -69 -37 6
84 -20 23 8
53 81 38 25
-50 51 -53 21
15 -5 -30 9
-72 -92 -53 7
-20 -93 35 17
61 -7 -38 23
-82 -85 -87 10
67 75 -16 28
-97 -7 -59 18
3 53 4 15
-45 58 48 7
67 -74 47 25
-74 -77 -72 8
-25 -34 -43 19
86 46 41 17
42 30 -51 19
-20 71 -24 16
-19 -93 -22 26
58 -29 97 20
-88 42 14 9
-20 -53 9 7
-91 74 -80 28
-80 -2 54 8
-37 12 1 7
-99 -24 52 16
-43 -30 73 10
-11 25 -45 23
14 86 78 5
-81 68 76 11
-98 25 -90 11
3 -61 -88 7
-29 51 55 11
-38 6 -56 11
50 38 -18 12
-99 -98 57 16
53 21 61 21
2 -22 77 11
-9 -54 -61 8
41 70 -96 6
-3 74 -100 10
58 14 -5 8
16 -7 19 25
-48 -69 -14 12
95 0 -57 16
35 -74 -55 23
21 78 -82 5
44 -1 -64 7
-10 -2 -24 7
92 -79 -44 10
16 16 -90 29
89 -51 -22 11
4 -87 38 6
-18 -2 41 11
62 40 36 7
-73 84 32 7
83 -100 -100 27
-84 26 79 24
99
-15 -26 -42
9 72 -81 8
90 15 -48 7
95 -3 -98 7
16 54 37 9
-23 -73 -32 12
13 65 81 10
89 43 98 9
-97 54 10 20
28 -57 22 21
95 60 98 7
-91 80 35 16
-36 91 -83 17
-39 32 38 10
-81 46 64 20
58 5 49 5
-98 -85 87 17
-33 -41 60 8
22 -21 -85 12
-62 -96 93 17
55 -86 84 17
-59 80 -52 15
63 31 -20 5
-50 -58 46 18
-81 -25 67 17
-14 -30 -92 25
57 97 62 9
95 67 -44 17
85 -46 83 11
90 -82 -74 27
63 90 -16 9
-41 -7 62 18
-88 75 -77 13
-46 -29 -85 6
82 -97 82 5
-24 16 66 8
17 -34 68 27
-53 50 -86 13
-20 73 -29 16
11 -2 9 6
31 70 -91 12
-58 74 25 12
-62 49 -38 6
31 -83 7 9
48 63 -47 19
73 91 48 11
-45 5 -79 18
-16 57 32 22
-46 -90 -63 28
81 66 45 13
66 -85 8 19
-78 -59 -84 12
95 -46 53 18
-77 -20 -53 16
14 -59 -16 12
-21 -30 -49 17
93 13 30 20
31 -76 -95 11
-81 77 -20 7
40 97 -9 10
-63 13 68 9
100 16 -70 17
68 64 -91 25
7 -81 -99 13
95 -95 51 28
12 100 17 9
-17 -72 -97 8
-89 -67 -39 16
-97 2 -98 7
-58 -97 -16 8
98 -36 -26 27
80 73 -11 5
69 82 75 14
71 -7 94 30
-7 -53 2 12
-35 71 81 15
50 11 59 9
-46 -63 -96 6
-50 -36 18 17
13 93 57 16
100 57 -89 7
52 2 -89 25
-18 -72 -78 7
-70 -55 90 16
-100 -91 48 13
-94 -5 -6 26
45 -66 52 12
18 28 -53 26
-87 -62 34 19
55 -91 -89 12
-11 18 100 22
-43 90 -34 10
-48 7 15 20
31 55 61 6
-44 -94 52 9
57 -68 -37 12
12 98 -31 21
-95 -21 -72 9
-73 89 90 10
-83 16 -79 7
39
-96 15 -74
30 99 14 10
88 -74 83 13
73 -84 42 6
-53 -100 -45 17
8 33 27 9
12 32 56 18
17 -13 98 17
-23 41 48 9
-84 85 58 6
-80 90 1 29
-72 53 -33 13
-32 19 47 5
-54 95 -73 10
-88 64 28 6
19 77 4 15
57 39 12 14
-16 -56 -6 14
-93 -14 13 27
-3 100 43 19
-68 -59 94 24
49 8 -1 14
-13 35 -47 30
18 9 -15 16
-97 50 97 5
-71 15 -52 28
-4 -15 31 5
73 -40 -23 27
-88 44 -95 20
56 -40 66 30
0 -86 -34 15
-76 -99 33 20
-45 -15 -6 9
29 57 -41 5
-17 79 89 14
5 75 -54 7
92 63 -59 8
-64 -81 -73 11
69 49 -80 23
65 -99 -86 28
13
-52 40 -86
-96 -33 -46 16
85 -70 -19 6
58 81 -38 17
97 -39 53 16
-90 -14 13 8
61 -82 -68 17
-25 -28 4 6
-84 76 73 13
93 77 97 9
-51 84 -100 25
-94 8 -45 17
-24 27 -47 24
-11 0 -12 6
24
89 84 -65
-66 -44 65 23
28 67 39 14
-21 -12 45 6
-28 87 56 16
95 23 -39 29
-84 42 -90 20
94 54 -78 8
-55 73 -96 11
-34 31 -66 5
-75 -21 -76 30
20 -52 -42 28
-63 89 8 22
40 -99 80 6
-67 57 45 21
71 57 33 7
-35 -22 96 21
30 -53 34 16
-6 -51 77 20
100 -94 62 15
77 50 83 5
-83 -73 -29 13
29 49 4 22
54 54 -41 21
20 3 0 6
26
34 -38 70
97 -83 54 5
-29 49 47 25
94 -21 -98 19
89 -52 -61 8
-29 -71 -18 5
-7 18 44 11
69 14 -98 23
-32 -30 89 27
-68 -4 -54 5
-71 29 -26 30
-26 -27 -19 15
42 -27 91 27
-92 -62 -30 22
78 -6 46 6
-12 -95 -2 26
69 -48 4 20
-41 18 44 7
-17 -77 -47 9
53 -70 29 11
0 86 90 22
3 21 -57 12
-47 81 -6 20
38 32 -68 20
16 -22 43 24
-50 -61 -73 13
49 -52 -67 12
55
64 55 21
95 2 98 24
-31 8 81 23
-55 -53 -10 12
98 73 -59 13
64 45 37 9
5 -94 8 22
60 35 -70 21
93 -63 -9 16
-15 -90 72 14
23 83 -35 8
-38 74 19 9
2 -69 -82 26
-57 97 -49 13
-63 32 22 5
-65 69 -93 29
-35 25 -37 7
95 75 65 23
-68 -2 -8 18
-89 11 92 9
89 -87 -46 5
-26 -41 87 26
-78 68 -55 10
31 5 -22 6
-54 -79 -23 8
94 37 -24 27
-40 -97 11 17
-67 -88 78 18
-90 -43 81 18
51 -23 -63 14
79 -83 15 5
-89 -55 7 22
64 59 31 6
36 35 8 22
82 0 -16 10
-39 10 28 28
-8 98 -78 30
-25 95 1 19
-20 -35 14 13
6 -28 -100 12
1 37 95 18
-96 57 41 16
60 -62 62 11
2 -9 -18 10
30 -12 80 9
64 89 -16 9
-73 73 98 16
29 54 65 13
61 59 89 12
15 48 -51 24
93 -75 100 20
92 96 -87 23
7 62 21 10
-100 14 60 24
61 -24 -26 11
-40 -64 28 11
44
49 -84 -1
50 80 73 29
93 37 100 7
21 -20 32 9
100 -31 43 8
-65 -75 30 23
26 31 -72 17
-70 89 6 6
-22 -43 23 13
6 89 57 18
-91 -5 -39 15
-80 62 3 17
46 52 0 18
52 -43 44 29
-49 -17 97 19
83 8 -2 8
-34 23 47 29
78 30 -64 5
-88 -55 69 13
6 -53 -88 23
-45 46 -82 11
50 -50 -51 29
-53 74 -57 21
27 -91 88 20
89 -82 -29 21
20 -41 0 23
34 20 -33 6
12 -100 -22 27
-45 1 -33 28
-12 -96 66 24
46 2 -52 13
-59 4 -91 12
70 94 -63 7
92 40 58 8
91 31 15 15
87 76 -37 11
-42 -98 -62 10
77 -17 -28 19
-59 -85 -32 11
-82 -74 -91 26
27 14 81 28
-92 6 41 10
98 -94 49 26
-49 80 56 24
-5 61 -28 24
97
39 -87 64
29 6 -69 10
-69 47 -72 6
-92 38 -2 23
44 -82 -68 9
100 -38 6 23
-28 -6 25 13
-86 22 50 16
-14 94 10 7
-21 53 15 25
-92 -17 -96 5
-79 15 11 5
-95 -32 59 16
-75 -98 -78 30
22 -99 -20 29
81 33 -59 15
98 -66 -73 8
54 3 -98 10
76 -19 -68 10
-29 -69 -53 23
67 78 40 5
-69 21 85 10
-51 86 -84 20
26 18 -94 17
-82 34 74 7
81 62 52 6
-93 -33 -33 29
-81 80 34 14
69 44 -82 13
-5 -82 -90 8
37 63 0 13
-27 25 -66 25
23 -51 34 29
56 13 -47 11
-17 -38 -85 9
7 -89 60 15
84 -22 -90 5
-47 -17 -9 7
15 -27 -5 11
-55 99 -4 13
68 -77 22 6
77 25 77 10
13 -18 93 16
-19 -17 -97 5
88 -57 93 8
8 54 -26 14
84 -99 80 14
61 43 46 21
-38 95 -47 11
4 -41 -35 15
81 65 -14 16
66 -33 41 14
-8 97 77 13
34 66 -81 16
81 0 38 9
1 4 5 5
19 13 -34 21
-39 -21 100 8
-17 -45 67 6
14 47 69 23
-40 -9 -96 6
-8 -25 19 5
-92 -95 91 8
-54 72 71 10
-34 3 -8 5
-77 62 -57 6
53 87 -16 5
-95 84 -13 7
-96 -22 -70 7
36 26 7 8
97 -67 31 11
34 -74 -76 5
-84 99 -27 10
-43 -23 -68 6
0 -55 91 20
-47 -76 7 10
56 62 83 6
-19 -7 -42 14
91 78 70 16
75 -62 -55 19
-50 27 14 12
41 -62 -52 6
-14 -13 68 17
58 -56 -14 23
-76 -50 -75 14
72 -1 -53 6
-100 21 -86 24
73 -32 85 16
68 29 -4 21
-36 -94 89 20
-47 -50 94 22
-100 100 97 29
-54 -15 -80 11
-84 -90 22 29
60 74 -49 8
42 -95 -89 8
79 89 -63 15
-33 -70 42 24
29
-40 53 56
-7 -64 79 9
-77 -11 51 21
-14 -13 45 10
24 12 48 25
-68 88 -50 8
-40 -64 35 9
-38 88 70 20
-89 71 47 9
-17 19 19 18
46 100 100 16
68 28 -56 25
70 35 92 24
10 4 -45 10
-85 29 -14 13
87 5 27 24
23 77 -28 30
-12 -73 -28 11
-59 80 -9 11
-3 -87 53 7
48 -67 49 16
-9 -76 40 5
26 -55 -62 24
81 32 51 5
-36 100 -63 6
68 -15 -91 28
18 -58 95 8
-82 -55 66 24
-69 -64 -57 29
-39 -90 84 23
82
5 -79 12
-16 40 -56 15
-63 25 16 9
-27 21 -92 14
89 73 9 17
-55 97 23 25
-62 -16 -55 26
92 20 76 5
-16 -61 -91 7
-93 47 -65 5
-33 -100 78 27
-16 -22 -25 18
-77 76 -52 14
-93 91 44 9
-50 41 -100 8
-12 76 3 24
-45 79 94 19
-85 54 -35 10
64 23 61 9
36 58 73 13
-65 1 -92 12
-91 16 74 8
-16 91 -47 9
-35 -47 3 11
-89 2 33 27
-94 -42 46 5
-89 -49 79 23
48 99 -9 8
-7 82 69 25
31 51 -72 6
-60 -72 -97 26
28 -60 -83 6
-92 -84 -79 11
-50 38 -10 7
83 -85 -18 20
-13 5 31 5
76 69 -79 22
53 -46 -95 15
-92 -96 30 25
-97 -100 97 12
8 -54 -55 17
1 -9 44 11
95 -34 69 26
-62 24 78 18
81 -68 59 7
74 39 -93 10
99 -59 -34 5
33 -85 -22 19
56 96 27 13
-1 -87 -29 11
61 14 89 13
12 29 -83 14
23 90 -96 23
50 55 -41 5
-93 47 72 16
47 -39 -26 23
34 33 15 7
97 -39 28 9
-50 -66 86 7
54 47 12 9
-72 62 -100 8
-55 89 -24 11
45 0 69 16
-2 -57 73 10
-37 -67 -48 21
-72 46 -43 6
94 36 67 7
-71 41 -91 9
97 -95 96 18
30 33 -41 20
75 93 62 20
-25 -37 24 5
78 20 38 9
23 -46 39 21
31 -92 -71 24
-6 -16 -88 6
6 -94 18 28
80 21 -11 17
99 57 96 26
-35 14 -31 10
35 -82 88 9
21 -84 59 11
68 11 -70 15
39
87 81 24
77 -75 -63 23
93 -99 5 16
-84 31 -91 13
53 -99 92 9
3 54 -94 26
13 -10 58 8
-22 -25 -23 27
-70 -85 90 6
96 -54 75 10
72 -10 -65 10
-34 10 -94 24
68 -1 99 6
-78 43 -34 21
-66 -11 -71 17
-4 -73 100 27
-80 92 13 22
-64 21 67 19
36 77 -12 11
48 16 79 19
52 35 -97 14
-97 17 -42 5
-91 13 11 7
-14 55 8 16
62 77 23 26
13 47 -36 21
10 -49 63 19
-57 -18 80 13
-31 89 -70 13
7 -50 -47 10
-27 -61 -4 5
26 70 35 8
-21 -80 -55 10
43 -99 39 22
76 -31 68 21
-52 75 72 26
-40 -58 52 25
38 32 9 23
-55 -58 -78 19
-51 -24 27 18
18
99 63 -15
-43 25 17 30
100 26 -11 24
-28 59 -11 7
-41 -79 -13 22
15 -71 74 19
-27 59 -84 19
77 -100 59 26
86 84 83 14
80 -47 53 21
-2 -21 15 11
-26 97 100 8
21 -49 -61 30
-43 1 77 21
4 93 -38 18
49 35 -12 26
-73 -45 -47 25
19 -6 -45 8
99 -7 86 19
79
60 6 -95
-25 -39 -1 16
16 49 -53 22
-71 22 -84 23
76 -90 15 6
61 -37 -72 14
31 -55 90 25
-6 7 -83 8
9 -93 29 8
-28 94 -68 17
41 -25 -73 9
-7 29 90 8
-15 90 -27 10
-51 23 -42 16
83 29 -85 6
-28 -80 94 20
-31 -50 48 12
18 -42 8 18
-64 27 83 16
-60 -99 20 11
-80 -83 -74 11
72 23 29 28
78 31 -38 29
-35 91 97 25
-42 78 -93 5
-85 -68 47 25
45 10 70 14
47 79 -89 6
68 -65 51 15
-35 -45 79 17
33 -8 96 10
-96 72 17 22
6 23 7 14
-33 14 11 9
5 18 -82 7
-1 89 17 5
24 16 87 7
39 71 -61 9
38 94 -36 14
94 -44 -3 11
82 -50 -33 10
-67 49 39 19
53 -38 40 15
-10 77 50 26
-53 -84 -94 21
54 -88 -98 19
84 -30 34 12
6 -33 -81 10
-45 -74 -38 21
-88 -68 -25 21
-40 10 40 20
38 12 -32 6
43 80 37 25
-56 -5 9 14
44 50 20 8
-49 -34 44 8
-91 3 -45 24
90 -13 -86 12
-22 53 -20 26
40 -26 2 9
74 -33 5 12
28 30 -88 13
81 75 93 17
-2 46 -98 9
-48 80 -45 13
31 41 83 10
61 -97 -52 13
14 -14 25 13
39 -75 -25 5
-79 -52 -90 17
-96 -25 -66 8
-64 1 85 9
-33 -99 37 20
93 82 44 19
-44 80 26 11
-59 -48 9 12
30 0 -50 14
96 -38 85 13
51 62 -12 7
-13 -79 51 7
43
-58 52 -11
35 -99 -94 27
6 6 30 9
81 91 92 16
50 -85 41 20
75 -94 -3 27
-45 -62 70 22
43 74 12 7
-96 -97 66 26
28 -3 -93 25
63 69 19 10
29 -52 -64 24
76 -29 -51 28
72 23 -73 13
-60 -21 -84 14
-95 59 71 6
91 55 65 8
39 83 -23 7
-69 87 -89 18
-93 82 20 19
40 -5 20 25
33 -68 72 10
-39 50 98 27
-39 25 65 13
-13 26 -95 17
81 -31 57 14
28 -55 2 15
80 68 -22 28
-28 -28 -54 24
-22 -49 38 17
-82 73 -40 30
47 5 -35 13
23 93 -77 19
57 67 -99 11
-65 -44 29 23
-7 -93 -23 9
32 7 92 23
31 -31 -12 8
14 47 -6 21
-17 -12 42 12
-75 98 98 24
-95 -80 -67 9
-93 -46 66 18
-34 36 -7 28
51
-62 73 -56
77 23 -36 17
51 98 35 13
58 67 60 17
-100 -29 20 16
90 -78 -66 15
4 81 14 14
-95 47 -33 6
70 98 -62 5
35 -6 -73 18
-66 -62 52 21
45 -82 -16 25
-8 -42 79 24
81 77 -60 18
60 -35 82 11
-53 23 96 13
77 -73 -92 14
-24 -58 -91 22
-86 -21 -90 14
95 89 -79 5
-51 43 -60 29
100 65 22 15
94 -57 34 12
-73 80 -32 22
-4 -41 -52 6
26 -64 -95 19
-32 37 -23 12
55 49 90 9
-66 41 43 21
-54 97 33 20
33 96 73 13
85 -29 55 14
-52 -68 -23 20
-96 -88 98 26
86 -5 -47 7
-40 -100 76 8
9 -13 -38 19
100 64 1 5
-2 -10 32 23
-16 -89 37 9
75 18 -96 17
30 43 45 21
-90 -48 -18 7
87 -58 -54 7
-57 99 91 28
-94 -62 -93 24
87 44 -91 11
35 23 86 17
68 -76 51 14
83 42 -17 6
70 -16 -72 8
45 8 -5 27
70
-90 -88 2
89 -61 79 16
-92 60 -36 25
85 19 72 10
-58 99 47 28
87 28 98 12
92 -65 -24 11
18 -23 -34 25
-40 86 86 10
-36 45 38 5
36 90 -61 6
-35 21 13 6
-14 -15 93 8
65 -49 -42 15
-65 -12 6 21
99 -33 -65 9
9 18 -69 26
-82 46 -2 9
-88 -14 -70 11
6 89 11 14
-92 12 16 11
-14 96 74 16
-77 -66 -41 17
-64 -99 -11 21
76 66 75 12
-44 47 -51 10
49 5 -38 14
54 -89 33 23
16 31 13 16
-30 5 -45 20
-75 -56 -95 6
7 62 -8 17
83 -94 99 8
-94 64 79 8
-43 -38 5 12
83 -40 25 7
91 29 -91 30
51 -73 -100 26
-10 78 -73 13
-22 86 98 11
-82 -95 -76 12
75 -5 -89 5
62 16 27 17
32 -54 41 15
20 -85 -10 13
-50 -41 -16 6
92 97 10 5
-72 20 12 6
-71 20 53 25
76 98 -86 13
53 57 -7 15
7 18 41 16
-28 25 63 8
-80 -61 79 27
96 11 -43 14
-32 56 10 14
92 -16 93 23
14 -68 -55 20
47 62 -50 25
-30 62 -71 9
1 -74 72 22
-64 71 -84 21
-61 59 1 10
-96 -1 -18 8
-19 -38 -29 10
77 -73 -58 5
-37 -14 74 5
-56 34 -43 6
65 -85 100 6
59 -7 62 14
-36 -33 -74 28
43
-55 61 32
66 32 -55 17
41 -79 -77 12
-45 2 62 30
53 -98 -42 21
99 58 24 19
3 64 100 5
94 48 95 10
84 -27 -3 5
-88 -98 -66 9
-76 27 -36 23
-29 -98 -58 19
-78 -75 -90 13
-94 61 -67 21
9 -98 36 16
-6 2 -33 26
38 -43 -96 11
-52 57 -66 7
-25 24 19 10
79 -8 93 12
-62 15 -86 28
100 -79 72 6
70 -18 38 17
-46 -49 -73 11
91 61 -69 14
81 -40 -90 16
41 -70 49 9
-14 -56 81 20
32 -70 25 15
-58 21 13 17
-34 76 -74 14
-86 48 69 30
0 -42 -26 18
-14 90 -12 27
-68 97 -70 23
74 37 -7 10
57 64 27 13
-41 54 44 21
-86 -46 84 15
26 -42 78 18
-26 89 47 14
27 -18 28 26
49 80 56 17
21 85 -51 15
64
72 -13 -88
-94 31 1 13
-68 46 -8 9
-28 -35 3 6
6 45 -16 9
81 -66 100 22
25 20 -75 13
28 -7 45 9
24 -78 -34 6
-64 -14 59 13
-26 24 -59 8
-92 90 -72 10
-92 -15 -56 6
38 -62 32 10
81 -19 1 16
26 -66 57 13
68 6 56 25
11 41 -79 9
60 78 -37 19
8 100 35 10
50 -82 100 10
-44 20 67 7
-39 -20 -78 17
93 69 54 27
-53 -45 30 9
-24 32 -93 26
70 13 -55 17
-74 23 51 13
15 -48 -85 5
-17 -54 -58 19
-3 -98 50 16
-52 99 100 23
97 -23 85 17
-27 -64 54 7
1 75 -70 15
-2 -88 -46 5
-73 -12 29 11
80 -68 -56 28
55 62 12 9
-7 48 -50 12
13 25 90 25
-32 35 -19 29
-77 -37 -4 23
-77 3 77 9
18 -46 7 15
92 -27 -59 9
41 67 43 5
-99 43 -98 23
48 -65 49 7
73 17 -2 20
16 -33 88 15
74 17 98 10
-84 83 -19 26
-29 -44 -96 13
-61 -99 46 24
-46 -11 72 8
85 44 16 7
18 92 7 18
-23 -26 -45 8
-30 -60 10 9
1 -69 -90 5
73 63 -97 25
22 -6 -36 27
19 -76 -4 8
34 74 -3 7
56
29 49 60
88 97 42 5
19 65 88 24
-49 6 -59 5
11 53 13 25
29 -69 47 25
58 18 -55 17
-30 49 -63 30
0 100 -68 15
26 -92 95 11
91 -36 -38 30
12 -93 -47 22
79 25 66 8
20 -8 -34 19
21 -46 12 6
-65 57 17 10
-30 8 -17 16
-85 -69 -79 28
-73 93 85 29
-3 -100 9 28
-59 -83 41 29
-84 80 -39 12
85 -95 72 10
95 -65 81 11
2 -38 10 13
-34 11 20 16
70 71 -10 21
-93 48 41 14
70 79 68 29
0 -97 -83 13
-98 100 28 11
52 29 -97 19
40 -28 15 14
-80 -6 -62 12
43 -56 80 6
-74 26 85 28
-83 -43 -27 8
100 39 -56 8
37 8 78 25
64 42 17 12
29 -39 -55 6
81 79 -54 20
-11 -22 -42 10
39 79 -70 23
-94 -60 58 15
-58 -25 37 24
-99 35 -63 6
91 -93 -30 24
-41 -97 96 10
-27 -59 -69 6
100 54 -69 5
-94 68 -88 28
-95 70 -14 13
72 -71 93 12
52 -65 -90 21
23 35 43 6
-70 -13 -93 16
93
74 -94 69
-37 -46 52 13
-7 -4 -54 6
-30 6 -87 9
-31 -25 -94 7
-90 -45 -9 19
11 8 -88 19
48 -31 -7 24
-80 1 -59 6
99 -7 -72 6
59 -73 20 13
-83 -12 -29 7
87 31 30 14
26 -84 -18 11
-30 45 90 20
86 49 -13 24
-64 80 89 24
49 -98 52 9
-80 12 -8 10
-51 -25 -93 10
86 -37 22 19
52 -78 -72 28
95 -74 37 20
13 73 -11 5
-47 -74 80 8
21 25 22 18
-65 -93 -9 8
-46 -96 100 11
11 73 87 8
-96 -25 -51 13
35 76 16 6
-22 36 -22 7
0 75 -19 5
65 0 -42 19
86 -42 57 5
95 -14 -100 18
96 42 54 9
55 97 83 14
-49 11 99 14
-80 -79 8 15
-62 -75 47 10
63 83 -72 28
-88 30 -64 24
96 -76 -46 9
93 -91 -34 6
-69 -12 44 21
55 71 39 19
-84 97 64 5
47 45 26 11
75 -13 -19 5
-53 22 -21 7
-12 43 -67 14
-63 58 -81 13
28 4 -23 8
45 -52 42 17
-34 48 38 29
-45 -64 31 12
41 13 -93 10
21 51 48 15
-54 22 -46 9
15 -24 -40 6
70 -16 60 16
-57 66 -21 6
99 -6 -4 8
-58 49 84 5
-17 -48 -68 24
-97 -66 67 30
56 -30 -88 15
-77 -61 -72 30
87 65 100 24
70 -38 -42 16
92 99 4 19
-22 -82 -21 15
-100 -78 -37 9
-31 -4 37 12
-56 -31 -47 5
1 -93 43 27
66 22 62 18
47 11 -3 5
-91 73 35 28
48 -100 89 27
-53 -16 -76 6
18 -59 -24 13
-67 69 -48 7
-14 5 -14 20
-23 -45 76 6
14 -6 80 19
60 21 -95 10
9 64 28 7
40 81 -19 23
-61 100 -1 22
25 84 47 8
-40 -26 97 18
93 -36 98 23
84
-78 33 -48
80 20 -83 15
-80 64 94 8
-59 -18 -33 7
-97 -61 27 5
-96 -100 8 17
-4 93 -50 22
-34 7 15 10
63 50 -81 11
-67 64 -54 25
-40 -66 -7 18
-6 -40 50 21
-40 91 88 28
-20 89 5 11
-80 -82 -51 25
-10 32 -53 9
55 -39 100 29
65 94 57 15
-98 -16 -41 6
-17 -94 -31 22
17 0 12 13
-93 -84 80 14
28 32 -17 13
26 -75 82 8
10 -24 -34 22
-48 25 -37 8
8 5 72 7
41 30 -48 15
64 88 -7 6
8 -96 -99 7
23 -71 -8 23
-79 -54 -13 18
-8 -63 -10 6
-75 100 -98 30
20 100 54 11
98 71 -74 8
16 76 -4 11
-56 -11 49 11
78 -60 58 11
-40 47 23 9
67 -55 22 26
57 14 88 11
2 49 -2 11
-15 -25 -86 27
-2 74 -12 7
70 -31 -73 9
-23 -90 27 26
-26 69 -43 8
11 -13 60 10
-87 89 54 10
-99 -2 86 10
-36 -12 28 13
24 30 -89 13
-67 -59 85 19
-26 -41 93 13
-42 26 -85 10
28 -93 45 16
-98 86 -25 21
91 -1 51 20
81 88 22 14
81 96 -13 12
69 61 -17 12
56 -21 -35 8
29 59 -30 16
-44 5 85 21
33 76 -64 11
70 76 -52 19
-4 26 88 20
83 17 -32 17
69 -81 -45 27
-62 0 -78 5
-8 47 -90 22
-98 -81 -98 10
-60 1 -13 13
34 55 69 11
-85 41 40 30
37 -38 -11 8
-13 -34 -3 14
80 38 -9 11
35 -16 -4 9
80 -40 -33 6
-28 -100 80 25
-11 35 48 20
82 -18 -9 8
-68 -72 13 14
54
42 49 54
70 -14 78 19
19 -53 -42 22
-2 -5 44 16
-67 0 34 7
-79 78 17 22
4 -61 47 10
-62 60 70 13
-3 79 -86 6
86 -39 -40 10
-10 -51 -4 5
100 -23 -11 25
28 78 -57 20
-6 -98 89 6
-23 -67 93 8
53 -76 -9 14
92 43 -84 21
43 73 86 8
96 81 57 30
17 22 26 9
-82 -32 21 26
-52 37 99 23
24 7 -8 9
100 -88 94 20
96 67 -40 19
24 -76 -12 14
8 -51 -96 23
-34 -98 -36 13
-8 -84 7 10
46 36 -100 7
48 -79 -53 11
-27 73 85 8
-65 -2 72 9
-97 17 83 12
-31 -51 29 13
-71 96 -70 28
-5 28 94 18
11 10 -42 8
11 -16 -35 8
-60 50 -23 10
20 -19 69 10
-71 22 -77 25
-45 11 0 28
-18 94 5 12
-47 -96 98 24
54 50 48 16
35 54 -1 11
52 26 -46 28
55 75 -21 13
84 -59 71 20
96 -23 -83 29
53 -43 81 14
95 32 82 18
-74 -82 36 18
42 -11 -6 16
66
66 -55 96
100 98 71 18
62 80 -90 12
12 30 17 11
73 -24 30 14
12 -66 60 18
52 -74 -79 5
-16 30 91 7
21 -11 -63 7
-86 -83 28 25
97 41 33 11
-95 -93 -77 11
-71 -76 -79 13
73 -76 67 23
100 39 -24 9
25 8 4 15
-85 -1 26 11
-83 75 -43 12
42 22 38 7
-41 -88 -12 12
-42 57 -76 16
28 -98 -28 21
-8 -7 89 30
92 -68 -12 20
80 -11 -25 17
54 67 -31 26
46 -17 48 7
24 -37 -46 10
-19 19 -74 27
82 18 -69 29
-53 21 -83 6
73 47 35 12
-4 45 -48 5
-62 -38 -73 12
-38 -40 -18 12
63 50 95 25
60 -56 -59 15
26 -20 29 16
26 -3 58 7
11 69 45 10
-38 -91 99 11
-26 -88 -78 14
-46 -62 -31 11
-16 -42 14 13
-55 -37 -43 7
-38 58 52 14
-30 -15 21 13
90 -46 -26 6
44 -54 23 16
-84 34 -32 26
-44 21 41 24
-86 42 -100 14
-20 88 100 11
-75 80 55 24
91 85 -22 16
28 41 -47 6
-37 -56 76 15
8 93 0 15
94 -34 -57 15
89 27 57 14
65 89 44 19
-86 -44 11 16
94 81 99 8
68 7 -15 6
57 -4 -93 5
-64 21 85 9
89 -19 11 11
23
-46 42 -58
53 -62 76 18
-65 45 54 17
-31 -32 -38 30
-84 -13 -44 24
33 36 -13 13
92 -51 -52 19
9 -34 83 12
81 -98 28 13
76 56 -81 5
46 28 53 9
9 42 15 21
100 21 -17 17
-28 26 -46 9
61 9 66 14
15 -70 -48 5
-88 99 -75 9
-82 -93 -40 28
96 78 -33 15
-64 18 -40 9
24 84 -31 17
-38 61 -9 23
-92 43 -23 22
13 -21 4 23
47
28 -58 -84
60 -11 36 6
43 86 -58 12
72 25 78 15
-85 -92 -25 15
-67 -44 4 11
42 81 0 8
-54 -74 -2 11
41 -35 -40 7
18 14 97 5
93 59 -67 8
26 45 87 7
64 43 -96 28
64 4 93 9
-74 -4 -8 13
-33 21 31 22
4 -92 49 25
61 -91 77 10
86 -24 -40 23
-87 98 -93 20
-77 78 -27 20
14 -38 -51 9
-90 37 2 9
-13 -56 79 6
1 25 7 12
24 31 22 9
-19 76 -84 20
15 -60 -75 12
-36 -36 1 11
-100 -82 2 6
-91 10 26 15
-99 -65 -23 9
-30 75 71 15
1 87 97 27
39 14 -22 29
-13 51 8 10
81 -70 -77 11
93 66 81 29
79 11 -58 13
-72 31 -4 9
81 71 7 23
-27 6 -61 8
-98 -41 -78 9
94 -100 -67 6
-49 94 33 9
-20 -86 -7 8
-34 -65 -31 15
72 -77 -23 6
100
34 34 30
-24 99 -83 24
-62 21 -50 14
22 67 29 6
10 -6 -74 14
-93 -75 -77 5
91 74 -38 15
81 -23 -23 26
100 7 4 13
-71 72 2 25
44 -73 -92 6
72 19 2 17
-45 -46 -1 11
51 71 81 15
17 48 20 8
36 -24 -46 7
-71 -83 -99 27
36 71 19 9
-20 -5 -100 24
19 35 83 29
50 -78 68 11
-72 100 -31 9
-34 10 83 15
-1 37 -90 15
66 -45 88 29
98 -17 -100 24
-92 20 -20 16
35 -71 15 12
-89 76 45 13
-84 99 -95 24
-50 -55 -17 7
-98 9 25 15
31 -76 -22 8
-79 -4 76 15
-13 -33 19 23
22 -61 -70 9
-20 -36 99 23
94 61 98 11
72 81 31 23
-23 -99 47 14
-44 -4 -48 5
-51 13 -11 21
49 5 -97 19
65 8 79 11
-40 80 -50 8
-42 62 53 12
59 -90 -65 8
-24 22 12 6
-70 58 -91 15
66 -53 -50 7
31 17 2 6
89 98 -93 25
61 69 -12 16
-2 53 -65 9
-19 -73 -63 20
88 100 -1 12
72 -52 30 27
-86 -62 20 9
97 68 28 5
98 6 56 25
-1 95 -33 7
32 93 -93 13
-67 31 53 5
-61 67 67 9
-10 29 -41 24
76 -62 -95 7
-79 -5 -93 15
-22 100 -26 5
3 -34 -93 5
59 46 -66 29
-97 -94 3 11
-97 4 -50 17
-50 10 -81 6
-20 0 19 7
-92 84 92 8
-86 -9 -3 14
-18 73 -24 17
20 -69 62 5
-57 -57 70 11
-77 -52 -16 16
-52 14 30 19
80 30 80 10
28 25 28 11
30 -20 45 10
-66 -30 59 18
22 -39 -54 11
8 -28 -22 23
55 80 -43 7
-73 -97 66 20
18 83 11 8
12 -79 -90 19
49 -92 42 10
-88 -51 48 11
90 -94 -42 26
25 86 0 5
99 53 57 5
-50 -49 -62 11
-56 -98 -16 26
14 6 20 10
-49 40 94 20
-99 73 -71 14
95
38 -47 13
80 -31 -4 22
-26 60 59 7
-95 75 -60 8
-88 12 8 16
24 73 -11 18
83 -62 -38 15
-4 -75 0 8
22 32 -12 14
33 57 69 12
17 -52 74 7
53 64 -90 6
76 -79 -73 5
40 -48 79 15
-80 90 100 26
44 -28 -25 8
-54 -7 -85 20
-51 -100 100 8
-91 91 -76 11
-4 -27 18 6
63 72 -70 6
-69 1 87 11
14 -16 99 13
42 -44 12 10
-44 -62 -34 9
-90 43 96 7
4 33 23 8
-6 -23 -81 10
93 74 21 9
-46 -15 -30 5
-90 1 45 13
93 -35 83 5
-29 44 10 15
-26 35 -31 25
-53 -70 -62 21
-98 -40 91 16
-99 -60 -29 8
-2 54 68 9
89 2 -74 19
-18 7 -72 18
-30 -17 16 7
96 99 86 20
-86 92 35 15
99 32 -8 7
-18 82 11 19
9 5 -53 8
56 34 -77 20
62 -78 23 14
-38 49 98 27
7 75 88 11
-66 -46 -11 15
9 69 -94 29
50 -28 -70 7
-56 -73 62 15
-14 95 83 18
74 -1 5 8
57 89 -46 10
-27 -34 -32 16
64 20 77 7
-57 10 -51 11
-49 -70 29 16
-15 -22 66 27
-9 -84 92 10
81 -19 25 7
-67 -22 50 8
68 -28 55 12
-9 -82 -45 25
-10 -97 -91 10
-51 93 -69 11
62 -38 -43 10
96 50 77 11
40 94 -69 14
48 2 35 24
-53 57 54 18
47 -26 8 9
-37 26 -79 6
-23 -62 0 5
95 -32 -56 9
-44 63 14 6
-79 -94 17 18
57 87 93 16
22 74 75 7
86 46 26 18
-93 -73 56 21
23 35 47 7
-98 52 70 19
-48 85 35 16
-39 81 -29 18
-80 53 -21 11
-20 93 -79 9
2 -72 40 24
-23 -30 -94 9
96 78 -44 15
-4 -28 -48 9
-55 -64 5 9
54 -98 -61 6
46
68 85 9
85 69 93 9
61 91 78 16
59 98 -5 6
59 -69 -11 12
-78 10 -38 5
77 77 -66 16
-24 9 95 7
-3 94 29 11
48 6 50 15
71 64 9 24
-2 -15 -34 15
-13 -74 67 8
-47 -92 72 16
-70 72 -88 13
-21 -2 71 11
47 -29 -25 7
-36 92 2 24
23 -50 53 29
77 -10 -51 17
-84 59 -58 12
35 43 1 10
-86 69 89 22
-59 -32 -68 14
17 59 -51 23
-22 27 58 11
68 44 -58 16
17 -73 -72 21
38 -51 -5 16
65 -83 -41 14
-49 85 -54 22
29 30 96 13
78 -60 66 6
69 -49 -17 8
42 14 -32 27
-69 -63 -27 14
-8 -79 -5 21
-93 24 18 13
18 -85 83 14
-31 -10 -21 10
-94 -100 -79 20
24 -100 48 20
-24 -42 -45 18
-83 19 -100 15
-91 74 26 19
79 -88 21 14
-84 -64 44 27
67
-60 94 68
3 45 -84 8
53 -54 -13 18
49 98 34 11
4 4 -69 14
-94 53 33 6
99 86 -78 28
91 2 91 22
60 -99 -23 22
-99 52 -8 6
-4 69 -63 11
-30 -78 -7 5
97 -2 27 11
66 -24 54 9
-44 -94 -9 10
36 36 -61 17
-89 -89 -9 25
80 -60 66 13
-90 -98 -93 29
-52 4 -90 20
36 -7 -75 6
97 60 -3 12
85 -72 -42 16
-49 27 25 6
-100 60 -65 29
99 -51 -2 22
90 42 -41 13
-68 3 56 10
25 12 87 29
-20 34 55 14
22 -8 -93 10
32 22 11 13
-40 -14 -35 21
20 -40 93 10
75 -36 -78 12
58 -57 66 7
-7 -53 -66 7
88 47 41 24
45 87 -69 5
74 3 -23 10
-33 69 -43 6
-66 96 -75 18
-62 90 27 21
-8 66 -39 11
21 57 79 10
25 -69 68 10
74 -81 -85 19
-38 26 76 13
-38 -49 -4 11
-44 -42 80 12
-3 100 -93 17
-65 39 96 14
2 -6 38 12
34 73 -19 29
-64 -17 51 5
46 89 59 12
79 80 78 12
45 -79 87 6
-81 -52 -65 11
-6 -74 -32 15
-18 -32 57 13
-36 37 -63 21
-29 -93 -78 11
-84 84 78 28
16 -70 93 12
-90 21 77 5
33 64 44 11
-22 32 15 21
65
-8 -52 -74
-45 -42 -78 12
6 -61 -37 18
-54 42 60 18
-48 -36 21 6
-44 94 46 20
-59 64 30 17
82 -77 -82 16
-23 -70 94 21
45 -18 -23 13
-10 -100 -70 19
-26 93 2 23
27 67 41 12
-17 -31 28 17
99 -100 -52 16
-62 -32 -24 16
44 92 -29 12
78 13 92 8
56 98 20 17
42 -50 -22 8
70 -57 37 15
-34 67 -31 12
33 25 -4 14
-30 82 96 13
64 -28 -64 27
0 -26 -36 8
-90 -46 -70 7
69 -77 54 10
64 -32 78 10
-92 26 -91 19
76 90 75 30
92 26 -55 28
-30 -63 -24 7
-61 -48 56 7
-45 -56 -91 6
-96 96 87 7
-75 -75 73 16
26 64 -69 13
64 -76 -2 23
54 -99 95 15
96 44 88 9
-45 -68 -89 5
96 -26 20 10
-14 55 -75 18
-32 9 -82 9
-15 60 63 23
-20 23 -61 5
20 -63 33 22
32 31 66 11
-70 5 -93 8
6 -76 60 5
-100 26 57 10
-84 -11 46 9
16 -4 -35 7
-59 88 -36 14
87 11 39 25
-61 -68 10 16
56 59 -85 7
99 76 -18 5
-52 18 13 15
99 -60 -56 15
34 79 96 5
-100 89 -34 26
25 24 -79 24
-27 -36 -97 9
60 88 -98 24
48
22 -53 47
-58 -56 88 21
70 -2 25 8
87 59 69 7
-16 70 -8 23
-13 -95 30 9
-99 23 52 26
-29 19 48 14
93 -21 73 5
33 -61 -20 19
91 91 49 21
56 39 -79 28
63 -63 -78 18
-49 18 -4 20
0 96 -67 16
-90 79 -92 30
74 68 -45 13
-66 -92 -37 11
-64 -95 87 8
42 -82 37 12
3 -95 -77 27
-43 70 33 6
-42 3 -86 21
68 -41 78 24
88 28 -29 11
88 14 82 28
-77 -39 42 23
-30 -91 -33 16
65 -65 47 13
47 25 3 28
-14 14 30 5
-21 86 84 16
17 100 26 7
27 24 63 30
-100 -71 91 6
-33 100 9 9
35 47 -36 18
19 -83 -14 7
-75 36 -55 14
15 56 13 13
-89 -77 -76 17
-79 66 14 6
-54 27 99 30
-31 -73 -4 7
-38 -58 -3 8
27 -94 -43 9
21 -50 45 19
-18 -18 17 15
5 93 64 11
74
-85 -16 92
-91 78 -83 5
-25 33 -85 17
-15 -69 37 8
-73 -39 -67 14
31 98 27 29
-42 -50 -59 13
88 -56 100 19
-87 82 87 25
-94 -94 48 17
-72 22 94 21
71 33 71 26
43 49 -75 24
61 -16 63 9
-19 -69 -66 5
70 56 2 6
85 99 34 12
22 0 92 10
-18 73 50 26
-6 -16 -52 17
30 -56 -86 5
89 -94 -31 30
-39 -9 37 11
-32 -19 -15 15
62 68 24 8
-81 -65 58 5
83 -34 41 15
-62 61 -39 27
22 -93 -94 13
76 16 -93 18
48 36 7 7
-89 30 73 6
75 54 16 7
-67 15 -86 25
45 -1 -34 25
80 83 83 16
92 75 -86 30
58 53 4 5
-85 -2 -64 5
77 43 -29 24
-21 23 95 7
71 35 10 10
80 -72 -87 16
56 -45 -52 23
-8 -14 52 12
-16 -62 -94 5
-83 79 31 16
34 38 0 7
24 -23 -83 18
-10 -91 45 8
28 -29 34 28
-47 25 9 15
11 46 -94 5
4 -77 89 9
37 51 45 14
29 82 -30 20
-11 80 -68 21
-98 49 -35 5
-4 98 11 8
-73 11 -32 6
-40 -52 66 21
-46 -90 78 6
66 -42 -5 17
11 -68 3 12
23 -80 32 21
-90 -25 -6 12
100 -33 -68 21
17 -46 -31 21
-68 -80 -60 10
-70 41 44 13
7 91 94 20
-24 -84 -22 30
24 8 -90 8
-7 55 -33 11
66 -68 74 12
35
-28 14 95
-25 73 73 17
75 -2 -15 11
67 -27 -96 9
9 64 -49 9
84 68 94 19
82 -40 -21 22
-72 32 81 8
15 81 -94 16
42 -99 15 24
63 2 75 12
18 18 31 7
-77 48 85 5
28 -47 -57 15
-52 -56 -40 28
42 -47 29 14
11 19 -19 7
-95 26 -84 15
63 -13 15 13
-56 -50 79 16
79 36 -93 23
59 60 2 26
-12 15 -27 12
-13 -83 -91 15
-91 69 -52 10
10 16 -66 25
-88 -52 21 11
-90 24 93 10
-51 -32 16 24
-43 58 -56 15
-85 -94 -88 22
-7 0 41 25
84 -40 88 17
86 92 29 17
15 -91 80 13
-92 47 2 16
26
-50 69 31
87 -74 37 23
-38 54 26 17
1 -78 19 23
-13 40 -53 13
4 27 -93 11
-10 -94 -39 21
15 88 11 13
53 -10 32 9
82 46 -1 23
-68 84 51 20
0 50 -17 26
-83 -39 -97 8
-67 -58 -33 9
-98 -90 -65 25
30 71 51 19
-25 95 -75 6
24 13 -6 8
78 0 11 20
-47 -96 82 17
-2 -2 -13 11
-85 -37 -57 21
18 -2 63 20
-94 -78 -7 5
50 -58 -51 7
-72 94 -36 27
-63 20 5 27
95
-64 75 15
84 91 -76 16
53 -1 -5 11
-96 -13 23 15
-41 46 -29 12
-37 29 -63 5
45 10 -30 14
-74 50 -98 6
89 29 87 13
-15 -14 -25 21
33 -60 -71 22
-23 90 -3 12
14 -59 80 14
14 -70 29 5
-33 40 4 18
-91 -22 -73 13
-2 -84 69 11
-91 84 75 13
98 -68 -21 23
0 93 98 18
73 -53 22 28
-84 17 1 23
70 16 -29 7
-51 1 56 19
87 -8 71 5
40 -99 100 19
13 45 4 11
-61 -3 -85 19
-20 -74 62 5
57 -40 -7 7
52 59 -74 17
50 -61 63 19
-76 -54 -30 29
-32 94 52 9
-19 95 -89 20
-65 37 70 5
-82 -84 -96 17
2 75 60 12
-99 -60 6 13
-20 -42 40 7
-14 1 47 18
-51 -79 12 5
-70 -84 95 21
88 32 -13 5
58 71 46 26
22 7 94 14
-95 16 71 17
88 -93 33 13
57 -78 -93 14
75 -17 2 13
44 35 18 6
-80 100 21 21
-16 -13 73 6
-16 27 18 6
50 26 91 19
-47 -98 49 11
36 93 -63 17
37 21 34 14
-93 -35 92 22
75 -100 -57 21
-98 33 -69 15
4 82 -11 7
-2 17 63 7
-76 -50 63 8
82 62 -39 18
95 22 -73 22
-1 54 -74 26
-10 -48 -86 15
26 73 85 7
56 -16 -64 11
84 -49 -85 10
16 -80 -26 11
-24 -65 99 10
-4 59 49 8
16 -30 20 26
31 -93 14 19
61 -7 60 17
68 -100 -14 12
-43 76 -5 8
-64 48 -55 12
-58 90 72 5
-59 88 -35 16
-67 -65 38 17
89 -21 -96 13
-83 70 -8 18
9 26 80 5
-37 56 55 23
-6 44 27 9
33 88 74 11
89 85 -5 20
13 76 33 6
15 24 -1 5
-5 -90 -93 23
-20 -64 -53 11
-13 -37 -68 6
-82 69 -65 6
96
-27 -54 60
-33 -64 -79 5
8 97 -28 25
48 -15 -77 5
71 3 45 8
11 -22 11 13
-85 34 39 10
5 -98 57 15
50 73 96 16
93 -2 -100 19
-93 -31 47 19
99 28 -61 18
-75 -93 19 6
53 92 -14 20
-75 36 -90 6
-64 27 -57 29
-98 85 -59 12
-70 61 -16 11
-19 95 29 23
-14 -30 -57 11
31 -1 -7 11
58 -71 17 8
-11 4 57 8
-45 96 -38 18
77 90 95 6
-4 67 87 25
-95 -70 -24 9
22 -26 -91 20
-32 -15 -84 19
-22 74 -11 8
67 29 -44 12
-66 -29 92 22
69 -34 -100 14
-52 -42 -68 12
81 98 -46 13
62 58 6 9
50 -90 43 21
-38 0 -21 21
-86 -55 -91 6
72 45 79 11
64 -36 -57 17
-75 5 6 24
11 58 -51 11
0 84 -91 7
37 51 -98 21
-92 24 77 23
4 -55 28 6
-68 52 -91 6
52 2 -97 6
98 -56 -78 9
70 10 -48 5
0 -77 -65 14
-43 43 66 13
-20 -43 50 25
-40 -89 92 21
44 -58 97 17
100 -6 61 15
83 -88 79 9
88 78 26 21
95 -84 35 20
-3 31 -5 21
-95 74 12 22
-94 -73 -71 21
40 14 89 5
66 -76 -59 20
30 47 8 9
35 -49 -9 12
-78 -13 -29 12
40 48 42 18
-41 66 -92 8
90 -15 -48 11
-55 -86 -46 7
-35 19 97 13
96 91 -76 10
69 8 59 5
56 30 64 10
79 -58 -89 11
-36 48 -94 10
-59 -96 23 5
37 -5 45 12
21 -18 85 21
-95 9 -68 6
87 -30 35 6
44 -42 60 15
93 61 -42 17
44 -89 11 5
-72 -66 18 14
-20 -80 -35 15
-2 26 -75 9
1 82 -65 11
42 99 31 10
-31 25 64 7
-99 -97 -22 14
-36 -23 71 7
-8 -88 9 5
-65 -17 58 11
-77 92 -91 5
15
-29 45 -4
26 66 38 22
-26 -41 -96 23
-54 -40 99 9
-12 -55 85 13
55 -36 -83 30
13 10 30 25
-74 -44 38 6
-35 41 0 14
49 18 -1 17
98 -100 -25 13
5 39 -19 19
98 -75 -65 27
-61 -97 -30 7
-42 35 19 5
-73 70 96 26
45
-26 1 -27
5 -72 -46 25
71 -95 -74 8
-55 44 95 18
-43 22 -86 17
-78 -75 72 8
32 -95 87 29
-27 -36 -16 25
63 -4 54 10
-97 -78 65 6
-53 -88 32 17
95 40 58 16
-82 -55 -14 18
-62 75 -37 17
-53 34 -33 10
-29 34 71 16
28 11 -83 13
-76 70 17 7
24 -57 -83 15
49 81 1 6
46 -54 -19 7
39 0 -6 19
40 -82 6 13
88 7 -73 5
-100 44 -51 26
-73 -24 35 15
15 80 46 10
97 -51 -16 6
-59 -76 -53 14
-95 10 47 18
52 39 -45 9
-26 -54 57 13
44 -10 -100 17
-12 17 28 16
-2 85 -65 8
64 18 7 9
93 -40 71 28
76 88 -90 7
-49 83 11 11
-78 -27 -58 18
87 89 3 16
38 83 -32 22
63 -44 -91 9
-59 2 0 5
-46 1 -41 19
90 -29 -65 29
97
59 -84 28
14 -52 -28 5
89 58 15 16
-2 -21 14 6
72 11 71 6
-59 4 -67 9
39 11 88 9
-43 -15 -9 22
-55 42 -21 7
-24 -61 -3 8
22 -60 -99 25
23 63 90 5
-13 68 -5 14
-100 -84 -89 5
43 -24 -66 15
-71 71 6 9
-66 -35 -30 14
98 81 53 13
-100 -62 -28 9
-74 -26 -69 9
-73 -59 29 13
-55 -13 46 8
79 96 -58 16
-96 8 58 18
41 13 39 25
92 -6 73 15
-50 78 27 5
-42 -66 15 12
-65 100 -88 16
59 -20 69 13
-37 85 -33 10
32 28 -98 11
9 -42 -1 6
1 55 -37 9
-74 -70 -44 10
-40 39 -2 14
-27 -30 43 21
-67 -38 69 19
-11 34 41 30
89 72 -71 6
27 -98 37 23
24 81 63 17
23 89 -18 18
78 55 93 23
-29 88 32 13
66 -1 -99 30
82 17 -18 24
13 -46 74 19
-86 98 86 18
-14 1 -80 13
-94 -2 -64 11
-97 -100 79 7
57 -6 -39 13
-36 22 77 11
-95 -28 -40 11
-1 -91 -33 12
-66 14 -83 8
99 31 -81 16
34 23 -11 6
5 41 98 23
-39 -97 -20 12
-92 1 -6 6
-75 -73 74 14
21 -27 7 7
-11 -96 7 21
31 -33 -8 6
-35 80 54 5
66 -89 -6 22
-72 -79 -7 26
77 95 4 10
49 38 -32 12
30 -15 62 12
60 -95 -77 9
14 16 -46 21
-36 -83 98 16
-44 -16 -43 6
-33 96 -59 14
-49 48 89 6
66 -72 94 29
-73 42 24 5
-20 -18 77 13
-22 -13 -46 5
-18 27 -98 17
-7 77 68 6
88 79 -5 9
44 -17 21 10
15 -26 -89 10
-55 73 -59 16
72 -38 -1 28
22 -12 -20 13
17 -1 -81 5
37 65 -45 20
50 -78 -82 7
-76 13 21 8
44 14 -26 11
-100 -49 56 5
-71 -96 67 9
-87 53 -69 11
39
68 18 -71
35 0 28 14
-73 0 -15 20
28 33 0 11
61 -64 -82 25
33 -68 -5 30
60 2 -9 5
90 -4 88 8
-15 40 -80 7
-54 82 -19 27
-85 -98 -34 11
86 -26 -50 10
-29 -11 -76 19
45 41 -50 21
80 76 90 22
-43 70 -99 8
-84 -25 -93 16
17 96 47 18
69 -80 53 17
-14 -31 80 23
35 86 82 18
41 -10 -89 6
-94 -80 -74 25
-93 71 20 23
-43 -93 82 12
-89 -39 -16 13
-82 14 -54 8
86 -58 16 20
22 -78 -72 10
-39 -69 -15 7
-65 4 72 30
-92 -22 31 19
-53 -85 -2 6
-52 -64 -71 13
31 9 -32 17
22 -35 -51 23
-41 77 61 12
-66 32 13 12
-18 -12 15 8
39 86 -17 24
20
33 70 -83
-30 -58 -62 25
85 -94 29 28
74 53 -17 17
44 -84 42 11
96 79 77 24
100 71 34 14
-67 -78 99 6
-85 44 -79 17
87 47 -77 7
22 -70 -82 30
60 13 9 13
78 35 -56 9
-51 7 89 11
22 38 -48 22
90 -86 -63 6
-19 -35 -24 8
-81 -84 -84 30
41 74 -82 30
-78 20 31 17
3 77 -16 5
82
-59 -8 1
40 44 93 13
59 -37 46 8
-52 -72 -74 15
10 31 53 18
-32 100 94 12
-18 -40 -59 21
-35 -36 31 18
-8 -45 21 5
-67 34 -98 16
11 10 91 10
29 87 90 20
91 18 -41 26
-50 -42 4 8
72 89 15 7
99 -55 81 9
-25 82 33 25
-3 -62 84 11
21 -74 54 20
-53 -53 -20 15
-95 -77 42 17
-73 55 95 19
-45 -46 92 26
-86 64 -86 17
20 64 1 24
-79 1 -34 9
-48 22 -34 28
91 -97 -11 7
-2 75 66 7
-64 -86 87 18
67 -33 2 27
23 -69 90 5
-5 53 89 19
-69 -5 3 10
24 5 -33 8
-22 -54 -22 10
86 -57 -44 14
46 -9 -96 10
-33 -9 89 8
75 -83 80 23
-46 46 44 13
-74 97 -51 8
-35 49 -97 13
24 -14 -10 17
-76 90 67 8
51 -83 -1 24
2 -5 -98 7
97 -40 56 19
-76 35 54 17
91 -57 -20 6
53 -3 86 14
-95 55 10 6
12 35 -3 5
-69 72 -44 11
-48 70 -93 9
76 64 76 30
-47 -8 31 7
-34 -65 -29 7
-24 -41 -97 5
-75 -46 0 14
56 61 13 11
96 44 -71 13
78 6 -100 12
-80 -53 37 9
95 -72 19 9
35 83 -53 23
60 11 -66 11
-53 5 -77 16
-9 -51 3 12
-28 -24 -21 15
-4 -55 40 6
6 -91 -75 17
16 -35 2 5
-91 -63 -54 29
48 -49 -64 26
-72 99 37 16
-80 -24 7 7
98 -25 97 6
68 2 38 16
-51 -69 45 21
-73 -94 -6 11
-80 21 90 11
77 35 21 8
40
89 -60 -92
-97 54 -74 20
88 91 32 8
-22 17 52 21
-50 -39 18 25
74 64 -4 26
83 34 73 14
-48 37 30 7
50 -96 20 27
43 -80 -90 22
88 -23 35 18
-96 -4 -60 9
26 96 -31 27
-43 -42 72 7
-20 -13 -70 10
2 0 -46 10
36 -30 -34 10
-27 49 98 9
-61 -19 -98 23
12 99 63 26
-55 -33 -40 15
34 -82 92 17
35 30 -31 7
37 -10 -85 9
-63 65 89 18
-87 -71 80 20
29 9 70 16
7 44 -5 8
-35 80 -12 14
89 15 -96 20
-100 -42 -34 19
20 86 10 6
67 51 46 5
-29 -14 99 15
-21 -36 -72 13
81 -66 92 7
-16 40 14 10
49 -29 49 15
88 69 83 8
96 100 -66 20
89 1 7 6
77
33 -88 -29
16 -16 21 24
29 19 94 11
98 -92 75 12
93 22 47 12
9 -96 -52 27
-13 -89 19 10
-45 85 52 11
63 -88 43 7
42 -66 -79 7
-62 -24 -8 30
-35 54 57 5
-66 15 -35 10
84 95 -62 7
99 -16 6 21
65 -78 99 15
56 63 1 23
53 28 -92 9
79 -24 -70 21
0 71 34 8
-91 14 5 12
45 5 66 11
-16 44 -95 28
-35 2 -24 7
99 -46 -29 13
86 36 21 7
75 42 -44 9
77 73 71 6
92 23 -76 6
2 81 -51 12
18 87 -98 13
-86 91 21 28
-33 -97 95 9
-11 51 58 13
15 46 76 16
-60 89 -92 9
10 -36 -18 14
82 -96 -55 19
53 -54 -13 11
-61 55 -61 12
-77 -85 11 11
-79 -67 96 19
-82 -61 32 18
72 90 68 8
-99 -18 22 12
-95 73 94 12
-98 -62 -86 21
-25 62 24 17
-92 0 -64 22
-12 -5 39 8
92 17 81 21
-19 -13 -69 30
-6 -57 7 7
13 -34 -49 11
-40 -92 48 28
8 -67 58 14
89 -18 41 15
-34 38 -8 14
66 -99 24 15
-64 89 -16 13
20 42 19 15
19 39 -26 7
-71 17 74 27
93 -41 28 11
14 -37 88 7
-45 -42 31 7
-72 -94 -96 10
98 -46 71 15
-65 -80 -38 16
68 45 80 9
-31 72 86 22
49 47 -72 10
-68 53 -27 13
-22 93 5 17
69 35 -24 9
-25 8 76 18
26 49 -37 6
81 64 -74 23
22
11 -88 23
-84 24 -88 28
46 -83 76 29
-56 -93 40 21
-29 73 79 16
-5 -83 -37 18
87 -19 63 20
-36 -24 61 29
4 -49 12 10
-63 12 43 16
15 -58 -97 16
-75 54 27 9
-76 -37 -54 6
100 -60 -90 18
-68 -54 -62 13
-56 -84 73 10
-44 -12 -2 14
-93 -53 51 27
41 88 -85 28
28 -23 64 30
-61 -17 -79 5
21 27 -72 25
70 -84 -6 26
24
81 33 95
60 -92 9 23
-31 89 -12 6
0 -10 -11 14
50 -52 -90 20
-57 -17 79 16
-5 22 0 14
93 91 35 28
88 52 -66 8
-56 39 63 11
45 13 50 24
52 91 82 28
-27 10 24 9
42 -2 21 8
-38 41 98 17
6 -7 37 5
61 -41 73 29
-70 -32 33 17
-4 16 63 19
7 -81 -53 9
-72 52 -69 27
23 54 -27 10
-8 86 -91 12
-81 67 35 29
8 -100 5 29
69
-65 2 -40
71 22 -9 5
-48 -20 -98 18
16 -2 82 18
-92 61 59 13
26 -77 -86 29
45 -10 -86 10
-67 -55 -79 23
59 -66 90 17
-42 58 5 16
45 31 -64 9
97 6 -5 21
64 -48 17 15
19 -11 9 15
-12 57 51 16
-26 90 8 7
-98 -39 16 16
-74 -62 34 13
-12 -12 79 6
47 96 -99 18
-68 72 55 6
97 17 32 9
70 43 -65 12
-100 -56 -58 14
-44 -100 20 6
8 93 53 11
-68 100 29 17
-71 33 38 22
-22 89 -40 8
-67 -26 71 30
-38 25 11 12
80 79 92 25
-15 -23 -58 6
-2 47 -32 13
26 -84 34 7
-35 -92 68 21
-27 15 58 22
-33 37 -19 5
60 -9 31 11
89 -78 41 15
-32 32 -89 30
-33 -83 -85 16
33 52 -97 27
61 -31 -63 12
92 -7 -99 21
-52 -22 21 18
79 -18 -52 5
-40 -59 32 11
-97 -87 -26 30
-24 -83 20 12
56 72 35 20
63 -75 -52 21
-3 -8 2 6
58 11 -21 13
45 -98 -22 12
15 -38 -45 9
58 86 -44 11
39 44 -2 27
39 -56 65 9
-6 61 98 6
10 -92 -31 23
-99 55 -69 26
-33 48 72 7
87 92 33 13
14 68 91 9
-48 3 -29 27
2 -21 -55 8
94 -28 55 29
-93 20 75 8
42 -98 63 21
44
-91 -59 -29
52 -86 87 5
-75 -84 -81 11
14 -69 -25 5
-90 -68 -14 6
-53 16 -23 22
-66 -58 61 16
80 96 -7 10
-75 96 61 26
4 87 64 22
61 86 28 7
0 78 5 18
-87 -69 79 5
100 -69 -53 29
7 -52 -48 12
-80 -28 -89 14
-45 -75 -56 5
23 -80 -84 21
-15 2 15 5
-16 46 -83 25
-33 23 77 11
6 84 -30 17
-60 -92 -54 10
83 -26 78 8
51 -28 -73 15
-14 -2 -91 6
57 37 -94 18
-27 -19 54 30
-89 -21 10 20
67 -7 -4 5
38 -2 -20 8
60 67 4 22
33 -67 27 15
-3 -3 -21 17
18 -57 55 7
-99 -66 -95 10
80 69 -84 20
46 -29 66 29
2 -60 18 10
-47 -4 -99 12
-48 87 16 12
36 87 -81 15
-50 -20 -52 20
-73 -47 -20 20
78 41 43 23
48
-70 59 59
74 -6 -94 9
49 66 -62 6
-53 73 57 10
-59 41 5 24
57 -50 -94 16
87 10 29 22
93 -28 93 9
-1 79 -56 27
-31 0 -84 21
1 -98 -68 6
-79 3 43 20
71 45 -20 29
62 88 21 23
13 -78 59 27
25 73 45 20
69 26 95 20
-60 -2 1 8
3 -23 -39 6
10 21 26 11
-47 -63 -2 5
29 -100 -4 25
-90 94 0 13
-73 -2 96 6
-44 5 -41 17
-76 -10 -38 15
-84 -42 -90 27
-24 33 76 6
-51 -11 -20 5
-95 -63 -43 25
-18 17 16 9
-39 93 88 8
3 -31 -20 10
100 59 -65 6
98 4 -85 11
94 95 -70 24
91 -4 71 5
97 -67 -25 14
-59 51 -66 11
-72 60 -86 11
33 45 -57 11
-29 -48 -96 20
40 -57 95 13
-100 86 -74 22
30 8 99 22
9 50 89 12
32 -14 4 14
50 -10 -38 18
-55 8 17 11
52
43 -47 75
-52 -31 60 13
1 -85 42 14
-97 -91 -33 9
62 -55 16 18
-55 72 18 20
-74 15 97 25
2 -17 -41 8
-56 -88 -98 12
85 -89 62 9
73 -9 -67 20
-95 97 -55 26
-94 13 -94 7
-59 50 66 13
-1 -45 13 6
81 35 -59 15
4 87 -97 24
41 21 63 8
-59 81 -75 12
-31 55 -91 22
-38 -23 -87 28
14 30 -23 24
-95 97 94 29
59 83 -60 18
25 -2 -47 10
-78 -60 -91 18
-61 -30 -39 24
-1 94 14 5
-1 -33 44 14
-67 -58 -67 5
36 -35 -33 21
99 -27 -32 17
-57 -75 -3 13
-74 -57 97 13
52 26 -69 15
-27 87 -13 11
97 17 74 8
70 61 -48 9
-83 -50 48 5
89 -62 -88 9
33 -97 64 10
31 -28 48 7
46 9 91 14
9 26 42 29
-88 -13 52 13
-17 -47 64 11
-14 -18 56 8
-91 -97 86 28
-11 73 87 19
-82 -22 9 26
66 -60 71 22
-25 -91 -9 18
-47 -73 58 16
88
57 18 56
-65 -15 -49 10
-89 72 -78 30
50 79 83 17
-95 0 37 16
11 -93 63 8
74 -27 82 9
50 -41 56 21
64 45 -20 12
-5 -45 -52 10
-13 90 53 26
99 26 -9 9
-36 86 -78 14
-18 47 -56 6
-69 61 42 13
53 -33 -57 26
-15 50 -91 29
82 78 -85 16
-32 28 91 11
-36 -15 -20 11
-90 -86 -95 19
-54 -1 -33 7
-51 -21 80 20
-56 60 -13 18
23 17 -74 21
-74 -9 -20 7
-62 86 73 14
-57 -21 -84 6
-10 -96 17 29
-38 -3 27 21
33 84 -49 23
89 4 -96 15
-9 -19 -75 13
68 25 -65 25
-93 29 27 6
-72 -88 27 30
-85 -42 -40 24
83 81 7 21
-6 95 -97 6
-6 -53 -93 21
2 8 83 9
-69 -53 78 13
92 -43 60 5
10 -58 39 7
31 10 28 20
-6 4 -86 12
-9 95 -14 11
-66 11 58 15
-29 48 11 6
-100 90 -27 16
-100 99 71 11
-12 61 87 18
9 30 48 11
-33 -37 -78 5
94 -72 -90 7
-31 -31 9 12
25 -97 -98 25
-20 20 -17 13
-60 36 32 6
14 15 63 5
-23 -59 15 9
-85 -39 8 19
86 84 61 15
35 12 -10 8
-56 51 27 7
91 27 41 27
-80 80 87 9
-83 78 -35 5
84 -78 -1 28
-10 93 86 6
80 5 -30 7
54 51 21 8
-26 -15 -60 6
23 -96 82 5
32 40 -18 9
52 -83 -83 7
-95 34 100 30
-51 -78 -82 9
77 -85 -86 5
28 36 90 28
-54 100 13 14
-71 -12 -88 5
64 -32 16 5
-65 30 -50 23
9 -61 -47 7
49 22 -28 5
44 38 -85 8
-34 -61 -39 23
35 -63 -57 8
75
63 50 -92
53 -66 80 13
64 20 0 6
-37 86 3 9
-58 41 29 7
67 15 -18 11
-78 97 -94 17
83 23 -1 12
22 79 73 8
-72 17 57 19
-93 -74 -3 30
73 65 92 19
85 -45 67 19
-1 59 51 7
4 -8 -18 8
71 66 -94 6
77 -66 -75 6
-57 47 -52 13
-16 -70 -13 23
-49 -46 51 18
85 98 -13 13
71 -96 93 15
-14 -98 -75 29
41 -55 -81 8
-98 7 -95 6
75 -86 -33 12
-95 -58 95 13
96 -52 95 11
64 97 33 6
-16 2 -87 8
93 -82 46 22
75 64 4 11
21 -6 93 16
-89 6 14 14
-46 -86 37 14
-13 -37 24 19
32 -41 34 5
37 27 -54 22
9 62 -86 17
47 30 -20 12
77 -67 -15 7
-39 -10 8 7
37 77 -35 24
9 89 -84 5
60 95 14 12
-30 54 47 6
-54 64 93 28
-46 25 -19 13
-25 -39 -34 12
-75 -94 81 27
21 -92 -24 15
-19 15 -51 15
47 -59 -49 5
-74 -55 -93 6
-74 8 98 6
2 -60 89 12
61 -49 -6 18
81 45 58 19
64 -6 79 15
-37 63 -5 6
-78 47 -94 11
51 -12 34 29
20 24 2 15
-97 -55 -81 10
-34 -8 -98 8
-3 90 -16 9
-77 43 -50 5
84 -49 -39 19
30 -67 -36 9
-79 -97 -67 9
86 3 53 10
28 -19 -46 11
-30 82 -42 20
14 68 14 16
-64 100 97 5
-85 -13 -34 30
94
52 -53 -96
62 22 32 16
76 78 -58 19
11 12 -33 8
97 -92 -16 22
-62 -92 13 13
-13 -44 -66 28
90 52 72 8
-28 55 6 10
100 -24 6 19
89 -43 -59 6
74 11 80 5
-79 -91 -33 21
53 93 -41 6
49 94 -62 6
-6 -63 56 5
11 99 14 30
-99 3 58 22
22 -44 70 19
22 -49 0 5
21 -29 35 16
-67 5 -16 20
99 62 -4 27
-57 79 35 16
-12 21 39 17
-31 -95 -51 16
-65 -44 -98 7
-40 -90 -19 12
79 -12 -98 12
2 -5 -96 13
-22 66 73 24
18 8 14 11
63 -20 -84 7
-68 -34 90 7
-39 -41 81 5
97 -86 36 30
12 -91 -90 25
47 65 -4 10
38 70 40 13
97 65 43 17
51 38 -9 9
80 -42 8 7
96 -56 0 9
-13 -2 -20 12
-73 31 62 16
-18 20 -66 29
-99 75 86 19
-85 71 -49 16
88 44 -43 13
73 40 -88 9
-67 -36 -38 17
60 -44 98 6
-100 -35 55 9
24 -23 -41 6
41 -75 23 25
50 30 98 5
-42 29 46 11
86 87 92 27
37 39 53 8
-28 -60 13 29
-16 -89 99 16
-92 -77 83 8
-100 -27 -71 18
-90 27 -39 19
-73 85 -5 14
92 54 -83 8
51 16 -73 16
62 87 -93 7
49 -60 98 12
38 -69 -38 29
19 8 41 6
-99 93 59 8
69 -25 52 30
57 -17 -98 6
18 -90 84 18
75 -3 -55 19
-23 22 1 7
-83 37 36 11
85 93 42 11
70 -69 -84 25
24 79 70 13
-37 61 -81 9
-52 37 76 8
99 -30 88 6
-91 54 -98 8
-42 -10 -39 12
-63 53 -70 15
-66 -34 54 5
-87 38 14 6
7 14 73 21
-44 -9 67 21
-43 52 -25 5
-65 -39 -3 8
17 76 -53 25
-93 40 94 6
72
-84 50 -77
-39 49 70 7
-34 -38 -59 12
-90 41 -100 13
9 -30 21 6
-48 28 -46 25
-65 -82 39 5
23 68 89 5
9 54 10 6
-53 -79 -36 13
-4 57 -59 10
-33 94 6 30
-7 -83 65 25
-23 13 61 11
-81 98 77 23
-90 -82 -74 26
-84 -94 26 8
-79 -37 87 26
95 85 58 26
-88 -89 93 7
67 -17 -1 14
-56 -12 -71 6
-75 -56 -27 5
-29 -41 89 11
60 44 42 29
14 55 -16 10
95 -67 -13 17
-80 70 -46 11
-49 60 -59 9
12 19 -73 21
58 -15 24 8
85 43 -55 20
58 -64 81 23
19 -83 -17 9
-90 94 36 19
49 -40 -91 29
-97 3 15 17
-14 47 37 29
99 42 -92 15
89 -22 93 5
79 -93 49 13
-14 4 42 11
15 98 70 20
91 16 -5 20
44 -95 24 25
22 76 24 9
99 33 33 7
84 -17 59 25
91 -17 -56 11
2 -57 13 22
63 60 -37 13
-85 -25 37 16
-50 -37 -42 6
-24 -44 -13 10
-4 18 88 21
94 -48 16 14
-3 100 -44 22
-83 96 -90 17
-20 -54 -66 9
63 30 -87 11
25 12 -21 21
-35 -56 -75 7
53 -87 55 7
82 -6 -99 14
-97 -87 56 6
7 -83 -73 29
37 67 -93 20
70 -86 -50 10
-68 33 33 20
43 9 78 14
40 -68 -60 8
6 0 22 5
48 -45 -16 19
83
48 -95 -7
-11 -22 81 20
6 -69 -20 9
19 -35 1 12
28 94 -15 14
-82 -32 34 6
58 -31 13 22
-98 7 13 24
-47 57 95 21
42 26 -27 6
-63 -47 73 15
98 -77 -48 6
53 51 15 5
42 -74 -13 14
-87 -35 -69 5
-59 35 -45 16
-9 91 -7 22
88 46 -80 20
-94 -93 80 25
58 -81 34 20
-23 84 -97 7
28 17 -74 11
-38 -63 -84 16
-54 -62 32 22
58 -74 -56 18
89 7 87 6
21 68 -77 15
-22 -52 65 6
58 -31 -85 21
49 -30 68 25
28 -97 24 10
39 -10 -33 10
1 45 -60 13
57 -85 91 28
-5 -39 47 15
17 52 -13 15
-75 43 33 20
95 -53 -12 21
82 58 12 10
76 21 -10 29
-41 -35 -2 6
-94 -89 10 7
4 7 39 17
0 -45 82 5
5 56 33 27
-76 8 89 26
69 -91 -73 6
31 72 -30 8
-49 -27 -91 6
-34 32 27 6
-63 -13 65 7
-21 -43 -44 10
-38 -98 74 27
79 96 27 8
-93 -51 -88 11
-70 86 -80 28
55 23 91 20
-82 -94 -100 23
78 -43 69 5
-86 75 -46 6
9 -18 -51 9
-7 98 -92 14
-54 -96 -55 10
-65 -58 -15 16
98 81 57 16
22 -63 -84 19
97 -11 -83 20
-56 15 -3 20
23 -53 24 6
-66 -17 -85 13
-81 93 50 24
-15 12 -33 30
-99 88 12 12
-79 40 -23 8
47 100 59 23
15 -46 -44 20
96 32 65 5
-26 88 66 5
-82 -37 -87 5
66 71 -61 17
-75 83 96 11
-10 -89 -36 18
58 85 27 6
-23 49 -72 13
88
-30 76 77
-57 -69 -36 30
64 82 -100 26
-90 -40 -80 11
-89 20 62 12
-82 -36 -60 10
-87 94 -61 25
24 79 16 10
-32 90 58 7
-95 10 5 28
55 -59 13 16
57 -82 43 7
-5 -28 95 17
52 45 57 17
-8 41 67 6
-17 59 -23 9
100 94 64 25
6 26 5 16
-12 -67 79 18
-54 -85 95 18
14 -88 -61 18
70 99 83 8
-92 -52 81 8
66 -27 -95 11
-76 -3 -56 5
-58 64 7 9
-84 99 84 6
-55 -62 -100 30
70 99 8 11
-50 93 96 15
-95 83 86 13
-31 35 -18 18
-44 78 -55 20
-31 40 67 5
32 -100 46 13
-21 -63 38 10
99 29 5 12
37 80 54 13
11 84 -43 16
65 22 68 10
56 -88 -40 26
16 -41 -47 25
43 -15 -99 8
27 -22 52 12
-66 66 -29 6
87 -86 97 6
-27 33 13 9
53 54 25 11
66 24 17 16
-29 90 -23 5
93 -17 35 21
-17 81 -100 14
-19 -35 12 6
80 -32 -47 19
26 -43 87 11
52 53 -41 15
88 69 -53 22
38 2 -39 7
-19 56 40 6
76 72 -12 18
-43 3 -28 9
-2 -1 73 7
-26 62 69 5
-7 89 -70 6
71 -4 93 16
49 -59 -15 12
67 68 22 5
24 -65 -17 12
34 -15 -21 12
-59 35 -88 11
-53 38 59 5
20 96 71 11
5 -10 -18 8
-84 59 44 25
-59 64 23 5
54 -98 -99 16
75 -5 12 8
-88 -92 25 11
-94 -82 -5 13
-13 17 -73 9
-10 -16 40 17
-17 -89 -48 6
10 0 -85 5
4 -65 -98 13
86 -53 72 29
-31 13 89 11
-37 12 33 8
-12 55 -68 18
-24 93 3 6
91
17 15 -90
35 -16 -5 8
3 78 -28 26
-12 -33 61 9
16 -38 -6 12
-57 -94 -72 26
96 58 -77 28
-9 -41 -82 13
35 -7 -100 8
7 13 -53 10
77 -7 -64 10
-41 72 85 9
22 -96 -94 19
-70 -93 80 29
-49 -97 -37 5
-40 43 -24 10
-96 36 75 9
-99 -28 36 15
55 56 26 28
42 -72 -77 10
20 -4 12 5
73 -94 83 26
-9 -98 -39 24
-54 34 45 8
-62 0 0 19
88 80 81 27
68 -85 -58 8
18 -100 75 13
-64 -30 0 9
68 -50 72 5
83 -16 100 14
-14 -67 23 30
-77 91 37 12
-6 -60 91 25
27 32 -34 8
-91 -82 -48 6
-31 -90 58 12
-29 53 95 13
83 100 16 15
76 32 68 8
-98 55 -2 13
-40 91 28 16
-15 -27 -35 21
-83 81 -86 5
13 -60 -100 16
40 -21 -62 15
-84 -24 64 16
-49 98 -7 5
65 4 -10 23
13 -49 -60 10
-95 83 -63 9
-13 20 68 5
-25 -48 -64 9
-77 34 -57 27
4 -21 23 10
-95 -62 -24 7
-77 -42 -21 7
-68 -50 33 13
-84 -35 13 5
-60 78 -43 22
-26 22 -84 18
-8 60 -69 18
17 23 -73 13
-8 71 18 15
12 47 80 21
-18 86 78 16
-54 15 85 28
98 -63 -80 27
-49 25 -16 9
-97 48 57 9
-95 -54 74 13
-65 -88 -27 15
-90 -4 -90 23
54 13 -56 8
41 44 -60 17
12 26 -42 5
44 81 -94 12
-57 41 4 17
-34 -40 -6 13
90 -25 -41 18
54 -100 -14 15
-51 -41 -49 6
89 32 -33 8
54 -2 86 16
-14 38 -7 14
-97 31 21 14
79 74 -25 22
62 -31 63 15
71 -49 2 25
-95 -70 43 17
-99 -31 97 17
-38 99 -82 17
99
-33 78 94
15 -77 36 13
22 -77 -55 13
61 79 39 8
18 58 100 19
-6 -90 -11 18
-22 99 -93 28
-28 41 -86 11
98 -97 -5 17
75 -40 -3 7
7 6 -74 10
73 22 5 5
-31 -98 -81 9
-58 -27 92 11
-27 21 13 7
2 -66 -65 5
63 -73 -54 11
-61 44 11 17
62 -75 62 8
-82 36 -21 12
80 -81 83 6
27 95 83 16
-1 62 -96 12
-83 12 -20 9
94 63 -49 10
55 -17 21 9
63 46 -65 24
64 -45 21 6
-65 -51 62 27
-33 21 -54 6
99 -82 -43 14
-53 -22 19 12
-69 -93 -69 13
20 85 -67 10
-65 46 87 12
-23 96 23 10
65 -55 -71 6
49 16 50 7
89 -49 10 5
-1 48 -68 18
27 49 -25 28
0 34 58 7
-70 35 -75 22
-47 81 -25 19
-61 -14 74 7
-100 83 -50 22
-16 -90 77 28
-85 30 19 8
-71 73 53 22
-87 2 56 19
-58 -75 8 14
-31 71 1 5
86 79 24 8
77 95 20 9
57 -65 -32 10
81 24 36 6
-79 -64 -61 15
34 -93 -10 21
1 37 0 9
58 -9 -85 13
100 -48 82 18
36 38 15 11
77 85 -27 16
99 -41 21 6
-85 -89 68 8
85 -69 12 15
-86 68 94 14
-5 95 94 12
86 3 93 25
-54 -99 60 10
76 97 90 29
-23 -24 -16 16
-55 -40 -31 20
-34 2 -84 12
-39 -44 25 9
-26 34 57 11
67 -99 46 6
68 58 26 17
-2 -34 -77 22
42 -85 75 8
-95 -20 -74 11
2 22 92 13
21 82 -23 5
-14 -61 37 20
78 -7 -45 27
-6 25 28 14
-74 92 -15 7
100 -47 -9 7
-88 -60 -4 21
2 -19 64 30
53 88 60 8
-34 -48 93 7
-97 55 17 11
75 -75 -86 20
12 57 48 9
92 90 -46 6
-15 53 48 12
96 34 4 20
28 29 -76 13
-59 73 -95 6
72
-14 -89 2
89 10 -6 20
-34 -14 1 11
-57 -44 34 9
18 30 93 8
53 -26 86 7
-96 39 89 13
13 40 24 11
-57 0 98 19
-93 -57 66 21
-97 -57 -43 9
8 12 -80 30
99 -84 14 29
-92 27 -55 7
99 99 -95 5
-30 -32 64 9
-83 46 -98 14
94 82 -39 17
-42 29 -90 11
99 -8 35 11
30 61 -18 16
-33 56 56 15
-5 -29 -2 13
-17 -95 82 20
77 69 -95 9
-6 98 49 6
70 -2 15 9
25 9 48 10
50 93 61 20
-68 39 93 15
-77 87 71 17
-7 85 -65 26
-94 -74 -95 25
38 -46 44 6
45 81 -85 5
-43 64 -22 10
79 26 77 14
90 87 60 14
42 -50 -83 8
-4 -21 64 11
-17 -54 25 14
-33 -32 -77 24
-69 -83 88 5
16 -62 -90 16
-12 -24 95 8
-63 89 -3 8
-92 37 19 26
-72 -100 35 26
-100 -16 -74 7
-54 38 -34 7
64 25 52 7
27 60 88 8
-47 -12 77 5
-94 14 92 11
44 -82 26 10
-16 26 -35 9
65 20 -54 30
-92 85 -13 22
63 -26 12 14
-36 8 -23 18
26 69 -100 11
-66 73 -96 9
92 35 51 7
-54 -58 -3 14
79 90 10 24
40 -68 -34 23
48 65 21 15
36 68 -47 11
97 25 28 9
-91 -31 16 9
-53 -77 -66 13
-71 -6 -38 14
-70 15 67 17
50
-19 97 79
-2 -47 92 5
77 -66 12 23
-3 -96 13 26
-62 -32 -78 11
33 26 -29 7
59 -39 91 14
87 95 -14 14
-15 -36 20 30
-65 91 8 5
-70 11 32 26
80 -86 95 10
-95 -41 83 7
-24 69 -72 13
-90 -22 61 8
96 -13 -28 12
39 -66 -84 12
-85 31 84 22
91 3 90 7
-78 -67 91 6
38 50 -60 10
-73 85 84 29
-64 -71 78 10
27 -12 -17 19
38 98 91 20
57 42 -14 15
-18 75 30 5
-62 -54 76 5
81 -20 -97 9
-14 -60 81 14
83 48 74 21
63 89 -49 11
64 1 -39 15
99 3 70 13
-31 -27 -48 13
-99 -49 13 24
25 -74 -30 18
-37 4 55 11
85 33 -90 11
7 95 -7 30
91 25 -2 24
-67 -85 -32 7
-97 -98 -10 28
-93 21 -68 26
-10 -45 -92 26
60 14 50 19
71 -31 -54 10
-55 93 -48 10
81 88 -95 16
6 48 73 20
-6 37 33 5
87
44 54 -2
-56 -68 61 13
30 -45 -94 22
85 96 -9 17
55 -46 -6 16
-99 83 56 19
-62 30 73 8
-71 53 -42 9
-67 -46 7 18
78 12 76 12
-19 26 -4 6
50 -13 -26 6
-10 39 30 10
-26 -76 87 17
60 -63 -63 13
57 -92 23 15
-53 92 79 25
-36 90 -20 17
-64 53 19 19
-47 -2 25 16
75 -23 -81 27
70 70 94 15
-97 74 89 13
86 49 -28 14
-97 -56 1 9
-30 -29 -95 9
-82 79 25 11
85 42 -96 30
76 31 -51 10
14 63 78 29
61 76 -48 6
-58 -75 -31 16
97 -19 49 5
-13 78 -95 14
-56 -26 -58 17
78 -78 -89 13
14 -87 -5 25
1 40 -84 14
-46 -33 55 17
-21 -58 -86 7
-70 -16 33 9
22 -85 69 9
98 83 -90 10
99 -97 66 14
-33 14 10 6
-90 -84 92 5
6 -25 85 28
0 97 -35 10
29 -87 -71 19
-19 -87 -77 10
100 95 87 20
-62 -95 62 10
70 59 -64 8
88 -56 78 27
-67 24 -75 19
97 79 30 20
15 19 72 6
-6 96 52 16
-78 -21 59 5
-10 -84 17 6
18 -23 -31 26
-94 -93 45 11
-38 -6 -66 5
28 65 -58 22
44 94 34 21
-41 -45 -39 7
87 -20 14 11
34 -31 23 13
-28 28 87 24
51 100 72 18
-53 30 8 8
-30 -13 -31 8
100 -80 -19 23
73 81 64 5
-100 -43 73 19
41 52 -4 23
-26 -94 18 12
39 8 47 7
50 -53 -36 8
28 7 -100 25
98 -97 -61 22
-53 68 -76 26
-23 18 -63 16
99 -23 89 7
-8 61 -14 21
70 -80 52 7
-38 -76 38 12
41 -99 -39 9
62
-32 -35 -67
34 -100 36 12
4 41 69 23
-11 10 -84 7
9 -87 -52 9
-16 -56 -2 11
77 21 17 19
47 -31 60 15
-94 96 -11 8
93 -29 -88 13
69 2 85 30
-61 -83 -63 6
-62 85 92 8
86 89 -100 10
-16 -25 12 8
38 -8 -59 17
41 68 -97 15
-8 78 55 16
-11 95 -53 20
-17 -39 99 30
70 31 -44 20
-25 -27 -56 28
-100 39 -83 5
14 21 -17 13
-49 60 58 10
-27 -69 -13 6
-6 -73 33 15
-21 29 10 8
50 -36 23 6
-55 83 -78 22
1 47 -9 5
2 -86 74 14
-86 90 96 9
19 -45 31 22
32 -13 -4 9
50 -64 -52 11
83 49 -78 10
29 71 -46 16
-89 14 -5 25
-84 19 98 26
-67 -44 -4 25
20 83 -18 14
84 47 99 14
60 63 79 9
-99 -50 -96 14
-94 -85 -26 24
-70 64 -4 15
-55 24 50 10
33 -55 -82 7
25 -95 60 10
86 -31 27 22
3 96 93 7
100 58 -41 5
62 81 -60 9
-61 -87 55 30
-100 -20 -71 21
21 68 25 13
-5 42 -55 6
84 -79 77 27
-64 48 46 11
-39 -13 46 22
-1 -91 9 14
-36 -88 -87 10
54
-91 6 18
-23 -12 -28 22
-35 59 37 27
79 55 80 28
-90 99 -43 14
-55 36 -24 12
17 85 -25 6
86 19 -83 14
64 30 -23 24
33 -55 81 19
-31 -32 87 5
71 -71 25 27
24 98 50 6
-91 77 -4 11
10 25 -52 5
-30 15 78 7
-34 98 -97 9
-6 47 -44 22
98 -96 6 7
-57 -84 -42 12
97 -90 96 20
-75 -75 45 5
-72 -45 -100 12
2 -72 4 12
84 67 -6 21
36 95 -78 15
-19 -31 30 6
-71 -64 93 9
49 -100 -13 19
-45 72 -22 19
7 80 89 19
-79 -8 -25 20
-3 -7 -87 12
-38 11 49 14
1 -42 40 8
-57 -33 8 26
66 81 24 8
80 53 -80 12
-96 -91 53 19
-29 -89 -87 6
-11 -84 64 13
-26 46 -90 8
95 -99 -89 15
-37 -66 52 10
-84 -73 26 14
15 23 19 30
15 88 -97 14
47 -32 67 6
87 -52 -19 10
30 -52 28 11
-63 90 -89 17
-14 -61 -66 14
55 13 43 13
-31 -7 87 5
-85 3 15 17
16
95 97 66
-97 -24 99 25
-28 -84 -6 19
12 -36 18 22
-90 27 31 16
39 42 23 9
-86 -57 49 5
50 -96 -59 15
91 -24 8 21
22 13 38 21
-71 -85 -63 28
-67 -56 -7 12
-30 -14 69 28
-85 87 -53 24
25 89 -62 29
66 74 5 26
83 -87 71 19
54
31 -23 34
-91 69 100 22
85 -83 81 19
89 63 4 23
-34 3 -29 19
35 99 -23 9
-57 15 -76 14
90 52 -60 24
-74 23 -3 21
-81 -98 97 23
-7 -20 23 11
-26 -72 21 6
-27 98 90 7
-66 13 -46 10
25 -16 26 13
39 -99 90 6
81 35 90 13
-44 82 84 8
-18 -29 -87 7
-37 -91 49 8
31 -19 -89 24
-29 41 -94 28
25 -37 -17 25
-94 59 60 19
-17 -98 -36 14
-38 100 32 5
49 83 -52 12
-99 28 -84 28
80 11 60 25
10 23 -61 15
-5 -69 -29 14
-96 -14 45 29
-10 -54 -51 11
18 8 99 9
-31 60 77 5
43 57 -28 20
55 -88 -72 19
-82 -44 -60 16
-27 51 5 28
6 95 97 8
68 -61 -25 22
46 90 55 19
-88 -96 -83 11
-90 -73 63 6
28 -43 -64 8
-70 -74 -4 10
51 10 35 7
-60 64 41 11
-87 -58 93 8
44 38 -4 5
-17 -85 11 6
-2 -55 65 6
-29 -93 96 27
41 -92 26 24
29 33 66 30
0
