0
0
114
112
16
36
18
26
48
30
20
8
30
22
16
12
24
12
18
14
18
12
38
40
4
10
18
40
6
6
38
34
0
34
20
34
14
36
20
18
32
10
16
20
32
2
82
0
6
22
18
4
0
24
0
30
30
4
18
6
14
36
30
4
16
18
12
48
4
12
82
40
4
0
10
0
12
32
60
8
8
28
22
14
22
30
36
26
4
0
2
22
16
18
4
12
24
6
8
22
30
38
6
10
18
24
12
12
26
24
10
30
8
22
16
42
42
30
12
30
26
22
0
70
60
10
0
12
14
72
10
12
16
6
0
0
12
24
52
14
6
28
38
36
18
38
38
14
6
42
30
12
0
6
0
12
10
36
24
12
18
12
14
12
0
6
12
42
18
22
40
14
12
6
16
48
18
18
48
12
64
0
18
26
24
14
14
14
24
30
60
40
32
8
20
12
12
36
18
8
10
8
10
26
70
10
66
28
32
28
12
16
2
10
18
14
12
4
6
30
14
36
14
20
22
10
10
24
4
10
28
12
24
0
22
30
12
12
4
14
20
4
6
20
6
18
10
42
0
12
28
16
30
0
38
48
42
24
28
26
18
18
22
24
28
6
14
6
0
40
18
18
14
12
24
22
84
10
20
8
6
40
22
20
12
14
16
8
32
24
28
22
16
0
82
32
24
28
34
6
46
70
18
28
24
28
10
6
20
20
14
42
18
6
28
14
18
6
14
28
6
42
6
8
32
0
8
12
6
16
30
6
22
32
36
14
40
14
30
20
0
8
14
22
8
14
14
18
6
14
20
6
40
12
24
22
28
0
18
38
24
36
10
42
4
30
10
36
30
8
0
0
24
18
12
54
28
14
18
18
10
54
60
8
22
30
6
18
8
66
10
22
8
0
16
44
30
16
4
24
12
52
18
18
66
18
30
24
26
26
6
14
66
10
12
12
28
0
8
0
18
36
14
14
22
12
20
18
10
14
22
12
20
58
34
26
24
18
20
30
6
12
18
24
30
20
12
24
18
50
0
14
2
24
10
32
12
0
18
30
18
24
38
8
10
12
0
38
10
30
0
22
30
30
0
12
24
6
10
12
12
16
48
22
28
0
4
12
34
18
24
6
0
0
30
30
14
4
18
12
22
0
6
14
28
18
28
14
14
14
8
24
26
38
10
0
34
10
12
32
24
20
18
8
14
16
36
2
48
18
0
12
36
14
8
4
36
32
12
18
6
22
0
12
16
26
12
8
48
24
54
8
20
16
18
26
6
18
16
54
12
0
14
22
18
38
12
12
32
26
18
22
18
38
26
24
24
8
10
4
0
12
36
10
8
12
42
28
16
12
12
20
24
8
18
6
12
6
14
14
10
30
30
36
12
44
12
30
16
2
22
24
20
20
18
24
22
30
22
24
16
42
40
18
26
0
4
0
30
42
30
16
14
20
32
22
12
6
8
18
18
12
16
0
20
22
32
20
20
28
12
32
30
0
12
20
16
10
10
12
34
30
18
20
14
38
6
18
38
30
12
30
24
28
10
4
12
14
24
10
30
14
42
6
18
12
30
6
30
6
12
42
0
12
24
16
28
18
6
28
34
44
26
32
42
18
32
16
14
12
18
34
22
20
24
28
32
32
6
14
8
34
2
24
24
36
4
12
26
0
2
0
12
0
26
14
24
44
18
22
28
18
54
0
12
30
16
12
8
20
18
28
28
0
10
30
56
10
18
48
34
12
8
10
8
20
0
28
30
18
28
6
10
0
14
0
24
0
10
10
20
30
20
12
8
20
10
42
26
18
0
52
34
12
68
12
18
8
22
6
24
30
0
2
12
46
6
6
12
6
8
12
24
28
14
28
18
24
4
18
46
36
36
10
6
34
34
16
32
44
6
6
28
10
14
14
16
48
20
30
28
2
18
42
16
18
14
16
0
22
12
36
12
10
4
32
0
4
32
32
18
20
16
0
18
28
12
2
20
16
56
18
20
12
18
4
14
10
0
16
30
34
8
0
30
18
72
6
24
28
6
18
10
22
20
24
18
10
0
6
24
12
22
18
26
30
30
28
16
20
6
12
10
6
24
12
10
10
22
22
34
0
0
18
6
32
32
42
12
6
16
12
10
32
20
30
12
10
20
20
20
36
30
20
42
14
12
24
16
48
30
60
14
14
0
16
30
24
6
14
74
14
18
26
20
0
38
0
6
6
34
0
28
16
16
0
20
10
24
36
40
24
14
8
30
40
42
24
10
18
26
34
50
14
22
16
20
12
8
24
