1 3 0 1 0 0 0 4 0 0
1 6 1 3 0 1 1 2 2 0
0 5 0 0 0 0 99 0 0 0
22 23 12 21 28 21 19 25 24 35
17 13 23 21 22 20 15 18 25 16
21 14 18 13 18 17 11 23 13 26
19 16 16 14 19 13 14 12 19 25
15 16 14 9 12 17 12 12 17 14
13 10 11 14 9 15 15 16 7 16
13 11 10 11 12 10 14 9 12 13
20 15 6 14 8 5 7 11 9 8
8 15 12 12 6 9 6 8 9 8
10 7 7 9 11 4 8 6 8 8
6 9 3 6 5 9 8 6 6 9
3 8 6 9 2 5 5 9 7 8
5 5 4 9 5 7 4 5 6 2
4 7 6 7 2 6 3 9 2 2
5 5 4 4 6 3 6 4 2 5
3 3 3 6 6 6 6 2 4 3
3 6 2 1 4 3 4 0 3 5
3 2 2 2 5 3 3 2 2 4
2 2 2 3 1 3 0 2 3 4
1 1 3 0 1 0 3 2 5 0
2 0 0 2 1 1 0 2 2 3
2 0 2 0 1 2 2 1 0 0
0 2 1 1 1 0 2 1 0 0
1 0 1 2 0 0 0 0 0 0
0 0 0 0 0 1 0 0 0 0
