0 13.45362
1 9.09902
1 2.00000
0 7.07107
2 3.00000
2 4.00000
0 5.65685
2 4.82843
2 7.07107
2 40.84826
2 18.61653
2 18.61653
2 13.49591
2 42.45290
2 45.27662
3 31.18034
2 84.73625
2 33.05403
3 16.12242
3 24.02776
3 17.60555
3 12.07107
3 16.89949
3 20.25091
3 14.24264
3 30.37508
4 18.51603
4 12.48528
4 20.88251
3 53.14354
3 60.78290
3 47.87006
4 12.47407
3 500.78044
3 502.78044
4 14.00000
4 14.43222
4 14.47214
4 15.24264
3 32.38554
4 30.15187
4 30.48528
1 13.19541
1 13.64120
1 8.56062
1 12.43398
1 7.12311
1 17.09163
2 8.22677
1 23.18034
1 22.16644
2 11.92997
2 16.47508
2 12.80326
2 22.90525
2 18.94360
2 22.10956
2 21.83025
2 23.88854
2 23.65961
2 21.77196
3 10.53663
3 25.60877
3 36.63274
3 14.16228
3 25.50415
3 20.63766
3 28.20956
3 33.65685
3 28.54551
3 21.38356
3 29.88931
3 31.12307
3 34.65961
3 53.17520
3 52.56484
3 60.80311
3 78.71116
4 33.69891
4 37.52004
4 34.43110
4 26.71248
