2
0 0
10 9
3
0 0
4 0
3 5
3
0 0
1 0
1 1
3
0 0
1 1
5 5
4
0 0
0 1
1 0
1 1
5
1 1
2 1
3 1
1 2
2 2
5
1 1
2 2
3 3
4 4
5 5
5
1 1
1 0
0 1
2 1
1 2
6
1 2
2 1
3 2
2 3
4 3
3 4
6
0 0
5 1
10 3
10 7
5 8
0 10
6
0 1
0 2
1 1
2 2
3 0
3 4
6
1 2
1 3
2 2
3 3
4 1
4 5
6
0 1
0 2
1 0
2 2
3 0
3 4
6
0 0
9 0
9 9
0 9
5 5
5 6
6
0 0
0 3
3 0
5 5
8 5
5 8
6
0 0
0 5
10 0
10 5
5 5
5 10
6
0 0
0 5
10 0
10 5
5 6
5 10
8
0 0
1 3
2 0
3 0
4 2
4 4
5 0
5 3
8
0 0
0 3
1 1
1 4
2 3
2 6
3 4
3 5
8
0 2
0 4
3 4
3 6
6 2
6 4
9 1
9 2
8
0 2
0 4
3 4
3 6
6 2
6 4
0 6
6 6
9
0 0
1 0
2 0
0 1
1 1
2 1
0 2
1 2
2 2
9
0 0
1 0
3 0
0 1
1 1
3 1
0 3
1 3
3 3
9
0 0
1 0
4 0
0 1
1 1
4 1
0 3
1 3
4 3
9
0 0
1 0
4 0
0 1
1 2
4 1
0 3
1 3
4 3
9
0 0
0 4
1 0
1 6
2 1
3 3
4 1
4 5
5 2
9
1 7
2 7
3 5
3 6
4 2
5 6
6 7
8 6
8 8
10
0 0
1 0
0 1
2 1
2 2
1 3
0 4
1 4
2 4
1 5
10
0 0
0 3
1 0
1 4
2 3
2 6
3 4
3 5
4 1
4 5
10
0 0
1 0
0 1
1 1
0 2
5 6
6 6
5 7
6 7
5 8
10
0 0
1 0
0 1
1 1
9 9
9 10
10 9
10 10
0 2
10 8
10
0 0
1 0
0 1
1 1
9 9
9 10
10 9
10 10
0 2
8 10
10
0 0
1 0
2 0
0 1
1 1
2 1
0 2
1 2
2 2
3 4
10
0 0
0 10
2 0
2 1
2 7
2 8
5 1
6 7
9 2
10 9
10
0 0
0 10
2 0
2 1
2 7
2 10
5 1
6 7
9 2
10 9
10
4 4
5 4
6 4
4 5
5 5
6 5
4 6
5 6
6 6
8 1
10
4 4
5 4
7 4
4 5
5 5
6 5
4 6
5 6
6 6
8 1
10
4 4
5 4
8 4
4 5
5 5
6 5
4 6
5 6
8 6
8 1
10
4 4
5 4
8 4
4 5
5 5
7 5
4 6
5 6
8 6
8 1
10
0 4
4 4
5 4
10 4
0 5
4 5
5 5
10 5
4 10
5 10
10
0 4
4 4
5 4
10 4
0 5
4 5
5 5
10 5
4 10
5 0
10
0 4
4 4
5 4
10 4
0 5
4 5
5 5
10 5
5 10
5 0
3
1 4
6 2
6 10
3
0 6
3 1
8 7
3
5 3
7 4
9 10
3
2 0
5 0
10 8
3
0 10
3 10
4 6
4
0 6
1 4
6 2
6 10
4
3 1
5 3
7 4
8 7
4
2 0
5 0
9 10
10 8
4
0 10
3 10
4 6
10 7
4
2 10
7 8
7 9
10 3
5
0 6
1 4
3 1
6 2
6 10
5
2 0
5 3
7 4
8 7
9 10
5
0 10
3 10
4 6
5 0
10 8
5
2 10
7 8
7 9
10 3
10 7
5
0 10
4 1
4 9
7 6
7 10
6
0 6
1 4
3 1
6 2
6 10
8 7
6
2 0
5 0
5 3
7 4
9 10
10 8
6
0 10
3 10
4 6
7 9
10 3
10 7
6
0 10
2 10
4 1
4 9
7 8
7 10
6
2 2
4 4
5 7
6 5
7 6
8 6
7
0 6
1 4
3 1
5 3
6 2
6 10
8 7
7
0 10
2 0
4 6
5 0
7 4
9 10
10 8
7
2 10
3 10
7 8
7 9
7 10
10 3
10 7
7
0 10
2 2
4 1
4 9
6 5
7 6
8 6
7
0 10
4 1
4 3
4 4
5 7
6 9
10 2
8
0 6
1 4
3 1
5 3
6 2
6 10
7 4
8 7
8
0 10
2 0
3 10
4 6
5 0
9 10
10 7
10 8
8
0 10
2 10
4 1
4 9
7 8
7 9
7 10
10 3
8
2 2
4 3
4 4
5 7
6 5
6 9
7 6
8 6
8
0 10
1 2
4 1
4 9
6 9
7 1
9 4
10 2
9
0 6
1 4
3 1
5 3
6 2
6 10
7 4
8 7
9 10
9
0 10
2 0
3 10
4 6
5 0
7 9
10 3
10 7
10 8
9
0 10
2 2
2 10
4 1
4 9
7 6
7 8
7 10
8 6
9
0 10
4 1
4 3
4 4
5 7
6 5
6 9
7 6
10 2
9
0 10
1 2
2 10
3 7
3 9
4 9
6 9
7 1
9 4
10
0 6
1 4
2 0
3 1
5 3
6 2
6 10
7 4
8 7
9 10
10
0 10
2 10
3 10
4 6
5 0
7 8
7 9
10 3
10 7
10 8
10
0 10
2 2
4 1
4 4
4 9
5 7
6 5
7 6
7 10
8 6
10
0 10
1 2
3 9
4 1
4 3
4 9
6 9
7 1
9 4
10 2
10
2 10
3 7
4 7
5 7
5 9
6 8
8 3
8 7
9 4
9 8
0
