2.0000000
1.4966630
-1
8.5293611
0.9648614
2.4358621
3.5369064
0.8676061
0.5163210
1.0932113
7.7705678
3.1865100
-1
8.0226154
-1
21.1419939
2.8655059
2.0961204
2.7251605
4.4695445
6.3285463
-1
13.8037361
0.3883676
4.4062551
6.7138469
2.8955617
26.8204177
1.1856118
-1
-1
3.8021499
6.8071058
4.8242181
5.4204496
3.9591100
2.6426620
4.0339260
3.5349495
1.3356397
1.9926927
1.9251430
6.4152631
2.9756773
15.0473405
1.9875230
0.8210476
-1
4.0420922
1.0102691
4.3716062
10.9763761
3.8947346
1.8071569
1.8279691
4.5856980
1.5606357
2.4223391
10.7298981
4.3556521
2.0947586
-1
-1
1.5671191
-1
-1
1.3931094
-1
-1
1.3218469
1.6128374
1.4994759
14.3576046
4.1171894
27.1524679
6.2725005
2.9471415
16.1373439
5.9907579
2.4632939
3.6372158
11.1660912
-1
2.8191673
3.2433597
2.7810744
23.9393462
8.2731867
3.0439581
3.5321219
-1
3.3059329
6.4154676
-1
1.3287114
3.3952692
3.5521327
6.8687006
4.2566122
4.5732251
-1
9.0606291
5.6768616
-1
