0 0 1 0 0 1
0 0 5 0 2 5
-100 -100 100 -100 0 100
-72 -72 72 -72 0 72
-94 44 -48 42 -28 81
-89 -29 43 -89 42 -79
25 -82 -8 42 -44 96
-6 31 45 27 69 69
-8 57 -16 -37 38 90
39 -65 -27 -51 -29 -99
29 -93 -59 36 -44 -5
-96 -27 66 99 -63 3
-83 -70 -98 -8 -100 -77
-67 11 64 -4 58 28
-89 -71 -72 -65 98 12
64 -5 -55 26 -49 -82
-40 -22 19 -93 26 44
-35 41 -40 14 53 -51
-36 -74 -5 -20 -65 -26
52 -98 63 -4 13 73
11 -41 93 -34 -84 54
61 37 66 15 49 96
51 50 -76 -86 60 -42
25 38 29 73 -66 50
-90 85 31 5 43 28
95 -76 11 81 9 47
30 14 -86 -76 49 -73
69 -47 89 -56 -70 91
-47 -72 -25 15 -70 -84
-56 -64 93 -48 -30 82
87 83 79 -74 92 48
21 -1 -20 -15 -11 -48
-11 -56 59 31 -67 72
77 84 -42 40 88 47
-59 54 -100 -44 -27 -47
93 -52 -12 -45 4 -74
23 -55 22 -40 -90 -63
-78 60 33 -17 82 -17
-99 -79 -45 -100 -69 -76
-29 50 36 95 -39 65
40 91 -31 -52 47 67
15 -77 91 86 -63 10
-82 4 74 -86 28 -1
28 5 -17 -58 99 -64
2 -86 57 83 -52 55
86 -46 62 25 63 -76
-35 -10 -57 39 -98 90
-90 -46 -67 -80 -61 97
98 -49 -71 -98 65 -68
57 -33 50 86 -64 96
-11 4 -95 76 74 -82
-24 64 -12 -94 53 18
88 3 -92 54 78 -10
84 84 -34 79 13 14
44 21 -72 -18 58 18
-51 -62 61 -65 31 37
41 56 -56 -77 0 -9
61 52 44 -6 92 78
-91 -25 59 -89 86 38
83 59 -47 -16 48 -60
2 60 0 98 -71 -61
-76 -81 37 -98 83 44
-33 -20 47 49 63 63
-14 -42 -94 3 -44 -78
-15 97 34 22 93 83
-33 85 76 85 -75 89
13 -75 -91 -81 37 -100
-13 95 35 91 92 95
-71 43 58 88 -83 88
-16 78 -35 20 55 -77
16 -98 -75 71 -67 24
-7 -75 -19 -62 -100 -24
-71 68 -62 24 -45 -34
-63 58 -35 -5 -58 83
24 80 41 0 57 -61
15 62 4 -59 48 -2
47 -65 1 -45 -58 -84
-70 66 -91 85 -50 45
-53 95 -62 78 16 -88
19 31 23 14 77 92
11 -38 77 -82 -34 58
-62 7 34 -24 -42 85
-99 75 68 -28 -11 91
2 71 -65 -33 4 39
-81 -74 -38 -64 -25 -23
-36 45 20 38 -28 64
-83 -16 -58 47 -99 -41
-71 -50 12 -61 31 70
85 24 47 96 -13 78
-17 -55 98 68 -10 23
0 -98 90 -59 -71 -80
-24 79 83 -52 42 42
-45 -46 37 -95 69 23
73 -42 -100 -61 -13 -87
-17 61 -60 -63 -10 -1
-38 -78 24 10 -30 -50
94 58 -69 -55 13 -9
-60 -51 70 66 -39 7
-85 -41 22 0 20 90
-60 -4 34 -71 18 -9
-13 -91 49 -71 -77 31
11 6 28 -51 50 -73
-78 -10 16 -96 -61 37
-6 -80 -96 48 -92 -29
0 0 0 0 0 0
