1 0 -10 0 1
1 0 -9 -4 27 -36 -23
1 0 -6 -6 12 -36 1
1 0 -8 0 18 0 -104 0 1
1 0 -12 0 50 0 -180 0 49
1 0 0 -15 0 0 -87 0 0 -125
1 0 -14 0 9
1 0 -10 0 40 -6 -80 -120 80 -120 -23
1 0 -15 0 90 -4 -270 -120 405 -180 -239
1 0 0 -12 -6 0 54 -288 12 -108 -540 -144 73
1 0 0 -8 -9 0 24 -288 27 -32 -360 -216 -11
1 0 -15 -4 75 -60 -121
1 0 -16 0 4
1 0 -6 -10 12 -60 17
1 0 -12 0 60 0 -166 0 60 0 -552 0 25
1 0 0 -10 0 -9 40 0 -540 -80 27 -1620 80 -540 -360 -59
1 0 -18 0 135 0 -544 0 1035 0 -1998 0 625
1 0 -9 -10 27 -90 -2
1 0 0 -15 0 -6 90 0 -540 -270 12 -2430 405 -360 -810 -251
1 0 0 0 -20 0 0 0 -666 0 0 0 -3860 0 0 0 1
1 0 -20 0 146 0 -620 0 529
1 0 -15 -6 75 -90 -116
1 0 0 -21 0 0 -123 0 0 -343
1 0 -8 0 14 0 -152 0 1
1 0 -14 0 84 0 -280 -6 560 -252 -672 -840 448 -336 -119
1 0 -10 0 40 -10 -80 -200 80 -200 -7
1 0 0 -12 0 0 51 0 0 -1060 0 0 -4809 0 0 -4872 0 0 1
1 0 -21 0 189 0 -945 -4 2835 -252 -5103 -1260 5103 -756 -2183
1 0 -12 0 44 0 -288 0 16
1 0 0 -18 0 0 129 0 0 -1440 0 0 -6387 0 0 -10278 0 0 343
1 0 0 0 -15 -8 0 0 90 -1560 24 0 -270 -11160 -4080 -32 405 -7560 3960 -480 -227
1 0 0 0 -10 -12 0 0 40 -1560 54 0 -80 -7440 -6120 -108 80 -3360 3960 -1080 49
1 0 -25 0 250 -4 -1250 -200 3125 -500 -3121
1 0 -20 0 144 0 -680 0 484
1 0 0 -20 -6 0 150 -480 12 -500 -1500 -240 617
1 0 0 -24 0 0 -213 0 0 -512
1 0 0 -8 -15 0 24 -480 75 -32 -600 -600 -109
1 0 -21 -4 147 -84 -339
1 0 -6 -14 12 -84 41
1 0 -16 0 112 0 -448 0 1114 0 -2128 0 112 0 -2368 0 169
1 0 -12 0 60 0 -170 0 -60 0 -792 0 9
1 0 -24 0 252 0 -1512 0 5666 0 -13944 0 17892 0 -20520 0 6241
1 0 -15 0 90 -10 -270 -300 405 -450 -218
1 0 -30 0 375 0 -2504 0 9075 0 -20250 0 15129
1 0 -25 0 250 -6 -1250 -300 3125 -750 -3116
1 0 0 -25 0 -6 250 0 -900 -1250 12 -6750 3125 -600 -3750 -3133
1 0 0 -20 -9 0 150 -720 27 -500 -2250 -540 598
1 0 0 0 -28 0 0 0 -1066 0 0 0 -9212 0 0 0 81
1 0 0 -12 -15 0 54 -720 75 -108 -1350 -900 -44
1 0 0 -10 0 -15 40 0 -900 -80 75 -2700 80 -1500 -600 -157
1 0 -28 0 290 0 -1540 0 2209
1 0 0 -27 0 0 -135 0 0 -729
1 0 -9 -14 27 -126 22
1 0 -8 0 10 0 -200 0 9
1 0 -18 0 144 0 -672 0 2016 -6 -4032 -432 5376 -3024 -4608 -4032 2304 -864 -503
1 0 -14 0 84 0 -280 -10 560 -420 -672 -1400 448 -560 -103
1 0 -27 0 324 0 -2268 0 10206 -4 -30618 -432 61236 -4536 -78732 -9072 59049 -2916 -19679
1 0 -18 0 135 0 -550 0 765 0 -2808 0 484
1 0 -12 0 40 0 -360 0 4
1 0 0 -15 0 -15 90 0 -1350 -270 75 -6075 405 -2250 -2025 -368
1 0 -35 0 525 0 -4375 -4 21875 -420 -65625 -3500 109375 -3500 -78121
1 0 -30 0 375 0 -2506 0 8925 0 -21000 0 14884
1 0 0 -30 0 0 369 0 0 -4000 0 0 -11763 0 0 -57450 0 0 12167
1 0 0 -25 0 -9 250 0 -1350 -1250 27 -10125 3125 -1350 -5625 -3152
1 0 0 0 -25 -8 0 0 250 -2600 24 0 -1250 -31000 -6800 -32 3125 -35000 11000 -800 -3109
1 0 0 0 -32 0 0 0 -1656 0 0 0 -15488 0 0 0 16
1 0 0 0 -10 -20 0 0 40 -2600 150 0 -80 -12400 -17000 -500 80 -5600 11000 -5000 593
1 0 0 -12 0 0 45 0 0 -1660 0 0 -8145 0 0 -9192 0 0 -1
1 0 -35 0 490 -4 -3430 -280 12005 -980 -16803
1 0 -28 0 288 0 -1624 0 2116
1 0 0 -28 -6 0 294 -672 12 -1372 -2940 -336 2393
1 0 0 -30 0 0 -267 0 0 -1000
1 0 0 -8 -21 0 24 -672 147 -32 -840 -1176 -327
1 0 -10 0 40 -14 -80 -280 80 -280 17
1 0 -20 0 180 0 -960 0 3360 0 -8070 0 12900 0 -20400 0 1440 0 -9440 0 841
1 0 -16 0 112 0 -448 0 1110 0 -2352 0 -1008 0 -3264 0 121
1 0 -12 0 60 0 -174 0 -180 0 -1032 0 1
1 0 -30 0 405 0 -3240 0 17010 0 -61240 0 152550 0 -270000 0 272565 0 -211410 0 58081
1 0 -21 0 189 0 -945 -10 2835 -630 -5103 -3150 5103 -1890 -2162
1 0 -15 0 90 -14 -270 -420 405 -630 -194
1 0 0 -18 0 0 120 0 0 -2790 0 0 -17745 0 0 -26208 0 0 64
1 0 -40 0 700 0 -7000 0 43746 0 -175560 0 430500 0 -639000 0 388129
1 0 -35 0 525 0 -4375 -6 21875 -630 -65625 -5250 109375 -5250 -78116
1 0 0 -30 0 0 366 0 0 -4750 0 0 -22323 0 0 -77700 0 0 10648
1 0 0 0 -25 -12 0 0 250 -3900 54 0 -1250 -46500 -15300 -108 3125 -52500 24750 -2700 -3044
1 0 0 0 -15 -20 0 0 90 -3900 150 0 -270 -27900 -25500 -500 405 -18900 24750 -7500 382
1 0 -42 0 735 0 -6864 0 35595 0 -103782 0 116281
1 0 -35 0 490 -6 -3430 -420 12005 -1470 -16798
1 0 0 -35 0 -6 490 0 -1260 -3430 12 -13230 12005 -840 -10290 -16815
1 0 0 -28 -9 0 294 -1008 27 -1372 -4410 -756 2374
1 0 0 0 -36 0 0 0 -1418 0 0 0 -17028 0 0 0 625
1 0 0 -12 -21 0 54 -1008 147 -108 -1890 -1764 -262
1 0 0 -10 0 -21 40 0 -1260 -80 147 -3780 80 -2940 -840 -375
1 0 -18 0 144 0 -672 0 2016 -10 -4032 -720 5376 -5040 -4608 -6720 2304 -1440 -487
1 0 -14 0 84 0 -280 -14 560 -588 -672 -1960 448 -784 -79
1 0 -24 0 252 0 -1512 0 5660 0 -14448 0 14112 0 -25056 0 5776
1 0 -18 0 135 0 -554 0 585 0 -3348 0 400
1 0 -45 0 900 0 -10500 0 78750 -4 -393750 -720 1312500 -12600 -2812500 -42000 3515625 -22500 -1953121
1 0 -40 0 700 0 -7000 0 43744 0 -175840 0 427000 0 -646000 0 386884
1 0 -20 0 136 0 -920 0 324
1 0 -49 0 1029 0 -12005 -4 84035 -588 -352947 -6860 823543 -9604 -823539
1 0 -42 0 735 0 -6866 0 35385 0 -105252 0 115600
1 0 0 -42 0 0 729 0 0 -8960 0 0 -5427 0 0 -205422 0 0 103823
1 0 0 -35 0 -9 490 0 -1890 -3430 27 -19845 12005 -1890 -15435 -16834
1 0 0 -36 0 0 -513 0 0 -1728
1 0 0 0 -35 -8 0 0 490 -3640 24 0 -3430 -60760 -9520 -32 12005 -96040 21560 -1120 -16791
1 0 0 0 -40 0 0 0 -2256 0 0 0 -27520 0 0 0 256
1 0 0 0 -10 -28 0 0 40 -3640 294 0 -80 -17360 -33320 -1372 80 -7840 21560 -13720 2369
1 0 0 -15 0 -21 90 0 -1890 -270 147 -8505 405 -4410 -2835 -586
1 0 0 -12 0 0 39 0 0 -2260 0 0 -11457 0 0 -14472 0 0 -27
1 0 -6 -22 12 -132 113
1 0 -20 0 180 0 -960 0 3360 0 -8074 0 12540 0 -23760 0 -5280 0 -12320 0 729
1 0 -16 0 112 0 -448 0 1106 0 -2576 0 -2128 0 -4160 0 81
1 0 -27 0 324 0 -2268 0 10206 -10 -30618 -1080 61236 -11340 -78732 -22680 59049 -7290 -19658
1 0 -21 0 189 0 -945 -14 2835 -882 -5103 -4410 5103 -2646 -2138
1 0 0 -18 0 0 114 0 0 -3690 0 0 -25287 0 0 -38628 0 0 8
1 0 -50 0 1125 0 -15000 0 131250 0 -787504 0 3280350 0 -9396000 0 17473125 0 -19643750 0 9753129
1 0 -45 0 900 0 -10500 0 78750 -6 -393750 -1080 1312500 -18900 -2812500 -63000 3515625 -33750 -1953116
1 0 -25 0 250 -14 -1250 -700 3125 -1750 -3076
1 0 0 -20 -21 0 150 -1680 147 -500 -5250 -2940 282
1 0 -56 0 1372 0 -19208 0 168066 0 -941976 0 3280452 0 -6626760 0 5755201
1 0 -49 0 1029 0 -12005 -6 84035 -882 -352947 -10290 823543 -14406 -823534
1 0 0 -42 0 0 726 0 0 -10010 0 0 -26139 0 0 -258972 0 0 97336
1 0 0 -28 -15 0 294 -1680 75 -1372 -7350 -2100 2276
1 0 0 0 -35 -12 0 0 490 -5460 54 0 -3430 -91140 -21420 -108 12005 -144060 48510 -3780 -16726
1 0 0 0 -15 -28 0 0 90 -5460 294 0 -270 -39060 -49980 -1372 405 -26460 48510 -20580 2158
1 0 0 -39 0 0 -87 0 0 -2197
1 0 -9 -22 27 -198 94
1 0 -8 0 2 0 -296 0 49
1 0 -18 0 144 0 -672 0 2016 -14 -4032 -1008 5376 -7056 -4608 -9408 2304 -2016 -463
1 0 -30 0 405 0 -3240 0 17010 0 -61246 0 151740 0 -281340 0 238545 0 -233280 0 56644
1 0 -24 0 252 0 -1512 0 5656 0 -14784 0 11592 0 -28080 0 5476
1 0 -50 0 1125 0 -15000 0 131250 0 -787506 0 3279900 0 -9406500 0 17420625 0 -19700000 0 9746884
1 0 -30 0 375 0 -2514 0 8325 0 -24000 0 13924
1 0 0 -25 0 -21 250 0 -3150 -1250 147 -23625 3125 -7350 -13125 -3468
1 0 -63 0 1764 0 -28812 0 302526 -4 -2117682 -1008 9882516 -24696 -29647548 -115248 51883209 -86436 -40353603
1 0 -56 0 1372 0 -19208 0 168064 0 -942368 0 3273592 0 -6645968 0 5750404
1 0 -42 0 735 0 -6870 0 34965 0 -108192 0 114244
1 0 0 -35 0 -15 490 0 -3150 -3430 75 -33075 12005 -5250 -25725 -16932
1 0 0 0 -48 0 0 0 -3896 0 0 0 -53952 0 0 0 16
1 0 0 -44 -6 0 726 -1056 12 -5324 -7260 -528 14633
1 0 0 -42 0 0 -303 0 0 -2744
1 0 0 -8 -33 0 24 -1056 363 -32 -1320 -2904 -1315
1 0 -12 0 32 0 -504 0 4
1 0 -10 0 40 -22 -80 -440 80 -440 89
1 0 -6 -26 12 -156 161
1 0 -20 0 180 0 -960 0 3360 0 -8078 0 12180 0 -27120 0 -12000 0 -15200 0 625
1 0 -27 0 324 0 -2268 0 10206 -14 -30618 -1512 61236 -15876 -78732 -31752 59049 -10206 -19634
1 0 -15 0 90 -22 -270 -660 405 -990 -122
1 0 -35 0 525 0 -4375 -14 21875 -1470 -65625 -12250 109375 -12250 -78076
1 0 0 -30 0 0 354 0 0 -7750 0 0 -64503 0 0 -164700 0 0 5832
1 0 0 0 -25 -28 0 0 250 -9100 294 0 -1250 -108500 -83300 -1372 3125 -122500 134750 -34300 -724
1 0 -70 0 2205 0 -41160 0 504210 0 -4235368 0 24705030 0 -98866320 0 259127925 0 -403968250 0 282408025
1 0 -63 0 1764 0 -28812 0 302526 -6 -2117682 -1512 9882516 -37044 -29647548 -172872 51883209 -129654 -40353598
1 0 -49 0 1029 0 -12005 -10 84035 -1470 -352947 -17150 823543 -24010 -823518
1 0 0 -42 0 0 720 0 0 -12110 0 0 -67545 0 0 -368592 0 0 85184
1 0 0 0 -35 -20 0 0 490 -9100 150 0 -3430 -151900 -59500 -500 12005 -240100 134750 -17500 -16182
1 0 0 -55 0 -6 1210 0 -1980 -13310 12 -32670 73205 -1320 -39930 -161059
1 0 0 -44 -9 0 726 -1584 27 -5324 -10890 -1188 14614
1 0 0 0 -52 0 0 0 -1978 0 0 0 -40820 0 0 0 6561
1 0 0 -12 -33 0 54 -1584 363 -108 -2970 -4356 -1250
1 0 0 -10 0 -33 40 0 -1980 -80 363 -5940 80 -7260 -1320 -1363
1 0 -12 0 60 0 -182 0 -420 0 -1512 0 9
1 0 0 -45 0 0 -27 0 0 -3375
1 0 -8 0 -2 0 -344 0 81
1 0 -14 0 84 0 -280 -22 560 -924 -672 -3080 448 -1232 -7
1 0 -30 0 405 0 -3240 0 17010 0 -61250 0 151200 0 -288900 0 215865 0 -247860 0 55696
1 0 -18 0 135 0 -562 0 225 0 -4428 0 256
1 0 -40 0 700 0 -7000 0 43736 0 -176960 0 413000 0 -674000 0 381924
1 0 -70 0 2205 0 -41160 0 504210 0 -4235370 0 24704400 0 -98886900 0 258983865 0 -404184340 0 282374416
1 0 -56 0 1372 0 -19208 0 168060 0 -943152 0 3259872 0 -6684384 0 5740816
1 0 0 -66 0 0 1809 0 0 -29920 0 0 117261 0 0 -1368246 0 0 1685159
1 0 0 -55 0 -9 1210 0 -2970 -13310 27 -49005 73205 -2970 -59895 -161078
1 0 0 -48 0 0 -717 0 0 -4096
1 0 0 0 -55 -8 0 0 1210 -5720 24 0 -13310 -150040 -14960 -32 73205 -372680 53240 -1760 -161035
1 0 0 0 -56 0 0 0 -3312 0 0 0 -62720 0 0 0 4096
1 0 0 0 -10 -44 0 0 40 -5720 726 0 -80 -27280 -82280 -5324 80 -12320 53240 -53240 14609
1 0 0 -15 0 -33 90 0 -2970 -270 363 -13365 405 -10890 -4455 -1574
1 0 0 -12 0 0 27 0 0 -3460 0 0 -18009 0 0 -27912 0 0 -343
1 0 0 -52 -6 0 1014 -1248 12 -8788 -10140 -624 28553
1 0 0 -48 0 0 -285 0 0 -4096
1 0 0 -8 -39 0 24 -1248 507 -32 -1560 -4056 -2181
1 0 -12 0 28 0 -576 0 16
1 0 -10 0 40 -26 -80 -520 80 -520 137
1 0 -16 0 112 0 -448 0 1098 0 -3024 0 -4368 0 -5952 0 25
1 0 -21 0 189 0 -945 -22 2835 -1386 -5103 -6930 5103 -4158 -2066
1 0 -15 0 90 -26 -270 -780 405 -1170 -74
1 0 -45 0 900 0 -10500 0 78750 -14 -393750 -2520 1312500 -44100 -2812500 -147000 3515625 -78750 -1953076
1 0 -25 0 250 -22 -1250 -1100 3125 -2750 -3004
1 0 -63 0 1764 0 -28812 0 302526 -10 -2117682 -2520 9882516 -61740 -29647548 -288120 51883209 -216090 -40353582
1 0 0 -66 0 0 1806 0 0 -31570 0 0 66093 0 0 -1571196 0 0 1643032
1 0 0 -44 -15 0 726 -2640 75 -5324 -18150 -3300 14516
1 0 0 0 -55 -12 0 0 1210 -8580 54 0 -13310 -225060 -33660 -108 73205 -559020 119790 -5940 -160970
1 0 0 -20 -33 0 150 -2640 363 -500 -8250 -7260 -706
1 0 0 0 -15 -44 0 0 90 -8580 726 0 -270 -61380 -123420 -5324 405 -41580 119790 -79860 14398
1 0 0 -18 0 0 102 0 0 -5490 0 0 -40299 0 0 -67788 0 0 -8
1 0 0 -65 0 -6 1690 0 -2340 -21970 12 -45630 142805 -1560 -65910 -371301
1 0 0 -52 -9 0 1014 -1872 27 -8788 -15210 -1404 28534
1 0 0 0 -60 0 0 0 -2186 0 0 0 -57180 0 0 0 14641
1 0 0 -12 -39 0 54 -1872 507 -108 -3510 -6084 -2116
1 0 0 -10 0 -39 40 0 -2340 -80 507 -7020 80 -10140 -1560 -2229
1 0 -12 0 60 0 -186 0 -540 0 -1752 0 25
1 0 -18 0 144 0 -672 0 2016 -22 -4032 -1584 5376 -11088 -4608 -14784 2304 -3168 -391
1 0 -24 0 252 0 -1512 0 5648 0 -15456 0 6552 0 -34128 0 4900
1 0 -18 0 135 0 -566 0 45 0 -4968 0 196
1 0 -50 0 1125 0 -15000 0 131250 0 -787514 0 3278100 0 -9448500 0 17210625 0 -19925000 0 9721924
1 0 -30 0 375 0 -2522 0 7725 0 -27000 0 12996
1 0 0 -25 0 -33 250 0 -4950 -1250 363 -37125 3125 -18150 -20625 -4456
1 0 -70 0 2205 0 -41160 0 504210 0 -4235374 0 24703140 0 -98928060 0 258695745 0 -404616520 0 282307204
1 0 0 -55 0 -15 1210 0 -4950 -13310 75 -81675 73205 -8250 -99825 -161176
1 0 0 0 -64 0 0 0 -5944 0 0 0 -114944 0 0 0 1296
1 0 0 -78 0 0 2529 0 0 -47840 0 0 285453 0 0 -2889978 0 0 4657463
1 0 0 -65 0 -9 1690 0 -3510 -21970 27 -68445 142805 -3510 -98865 -371320
1 0 0 0 -65 -8 0 0 1690 -6760 24 0 -21970 -209560 -17680 -32 142805 -615160 74360 -2080 -371277
1 0 0 0 -64 0 0 0 -3768 0 0 0 -86272 0 0 0 10000
1 0 0 0 -10 -52 0 0 40 -6760 1014 0 -80 -32240 -114920 -8788 80 -14560 74360 -87880 28529
1 0 0 -15 0 -39 90 0 -3510 -270 507 -15795 405 -15210 -5265 -2440
1 0 0 -12 0 0 21 0 0 -4060 0 0 -21249 0 0 -36072 0 0 -729
1 0 -14 0 84 0 -280 -26 560 -1092 -672 -3640 448 -1456 41
1 0 -6 -34 12 -204 281
1 0 -20 0 180 0 -960 0 3360 0 -8086 0 11460 0 -33840 0 -25440 0 -20960 0 441
1 0 -16 0 112 0 -448 0 1094 0 -3248 0 -5488 0 -6848 0 9
1 0 -27 0 324 0 -2268 0 10206 -22 -30618 -2376 61236 -24948 -78732 -49896 59049 -16038 -19562
1 0 -21 0 189 0 -945 -26 2835 -1638 -5103 -8190 5103 -4914 -2018
1 0 -35 0 525 0 -4375 -22 21875 -2310 -65625 -19250 109375 -19250 -78004
1 0 -25 0 250 -26 -1250 -1300 3125 -3250 -2956
1 0 0 -30 0 0 342 0 0 -10750 0 0 -106587 0 0 -261300 0 0 2744
1 0 0 -28 -33 0 294 -3696 363 -1372 -16170 -10164 1070
1 0 0 -66 0 0 1800 0 0 -34870 0 0 -36225 0 0 -1981056 0 0 1560896
1 0 0 -44 -21 0 726 -3696 147 -5324 -25410 -6468 14298
1 0 0 0 -55 -20 0 0 1210 -14300 150 0 -13310 -375100 -93500 -500 73205 -931700 332750 -27500 -160426
1 0 0 0 -25 -44 0 0 250 -14300 726 0 -1250 -170500 -205700 -5324 3125 -192500 332750 -133100 11516
1 0 0 -78 0 0 2526 0 0 -49790 0 0 213981 0 0 -3223428 0 0 4574296
1 0 0 -52 -15 0 1014 -3120 75 -8788 -25350 -3900 28436
1 0 0 0 -65 -12 0 0 1690 -10140 54 0 -21970 -314340 -39780 -108 142805 -922740 167310 -7020 -371212
1 0 0 -20 -39 0 150 -3120 507 -500 -9750 -10140 -1572
1 0 0 0 -15 -52 0 0 90 -10140 1014 0 -270 -72540 -172380 -8788 405 -49140 167310 -131820 28318
1 0 0 -18 0 0 96 0 0 -6390 0 0 -47769 0 0 -84528 0 0 -64
1 0 0 -57 0 0 165 0 0 -6859
1 0 -8 0 -10 0 -440 0 169
1 0 -18 0 144 0 -672 0 2016 -26 -4032 -1872 5376 -13104 -4608 -17472 2304 -3744 -343
1 0 -30 0 405 0 -3240 0 17010 0 -61258 0 150120 0 -304020 0 170505 0 -277020 0 53824
1 0 -24 0 252 0 -1512 0 5644 0 -15792 0 4032 0 -37152 0 4624
1 0 -40 0 700 0 -7000 0 43728 0 -178080 0 399000 0 -702000 0 376996
1 0 -30 0 375 0 -2526 0 7425 0 -28500 0 12544
1 0 0 -25 0 -39 250 0 -5850 -1250 507 -43875 3125 -25350 -24375 -5322
1 0 0 -35 0 -33 490 0 -6930 -3430 363 -72765 12005 -25410 -56595 -18138
1 0 0 -55 0 -21 1210 0 -6930 -13310 147 -114345 73205 -16170 -139755 -161394
1 0 0 0 -72 0 0 0 -8528 0 0 0 -178560 0 0 0 256
1 0 0 -65 0 -15 1690 0 -5850 -21970 75 -114075 142805 -9750 -164775 -371418
1 0 0 0 -72 0 0 0 -6896 0 0 0 -154368 0 0 0 4096
1 0 0 -68 -6 0 1734 -1632 12 -19652 -17340 -816 83513
1 0 0 -8 -51 0 24 -1632 867 -32 -2040 -6936 -4897
1 0 -12 0 20 0 -720 0 64
1 0 -10 0 40 -34 -80 -680 80 -680 257
1 0 -20 0 180 0 -960 0 3360 0 -8090 0 11100 0 -37200 0 -32160 0 -23840 0 361
1 0 -27 0 324 0 -2268 0 10206 -26 -30618 -2808 61236 -29484 -78732 -58968 59049 -18954 -19514
1 0 -45 0 900 0 -10500 0 78750 -22 -393750 -3960 1312500 -69300 -2812500 -231000 3515625 -123750 -1953004
1 0 -35 0 525 0 -4375 -26 21875 -2730 -65625 -22750 109375 -22750 -77956
1 0 0 -30 0 0 336 0 0 -12250 0 0 -127593 0 0 -313200 0 0 1728
1 0 0 -42 0 0 702 0 0 -18410 0 0 -191619 0 0 -717612 0 0 54872
1 0 0 -28 -39 0 294 -4368 507 -1372 -19110 -14196 204
1 0 0 0 -35 -44 0 0 490 -20020 726 0 -3430 -334180 -287980 -5324 12005 -528220 652190 -186340 -2166
1 0 0 -66 0 0 1794 0 0 -38170 0 0 -138519 0 0 -2396196 0 0 1481544
1 0 0 0 -55 -28 0 0 1210 -20020 294 0 -13310 -525140 -183260 -1372 73205 -1304380 652190 -75460 -158650
1 0 0 -78 0 0 2520 0 0 -53690 0 0 71055 0 0 -3895008 0 0 4410944
1 0 0 -52 -21 0 1014 -4368 147 -8788 -35490 -7644 28218
1 0 0 0 -65 -20 0 0 1690 -16900 150 0 -21970 -523900 -110500 -500 142805 -1537900 464750 -32500 -370668
1 0 0 0 -25 -52 0 0 250 -16900 1014 0 -1250 -201500 -287300 -8788 3125 -227500 464750 -219700 25436
1 0 0 -85 0 -6 2890 0 -3060 -49130 12 -78030 417605 -2040 -147390 -1419865
1 0 0 -68 -9 0 1734 -2448 27 -19652 -26010 -1836 83494
1 0 0 0 -76 0 0 0 -2458 0 0 0 -99788 0 0 0 50625
1 0 0 -12 -51 0 54 -2448 867 -108 -4590 -10404 -4832
1 0 0 -10 0 -51 40 0 -3060 -80 867 -9180 80 -17340 -2040 -4945
1 0 -15 0 90 -34 -270 -1020 405 -1530 46
1 0 -12 0 60 0 -194 0 -780 0 -2232 0 81
1 0 0 -63 0 0 297 0 0 -9261
1 0 -8 0 -14 0 -488 0 225
1 0 -30 0 405 0 -3240 0 17010 0 -61262 0 149580 0 -311580 0 147825 0 -291600 0 52900
1 0 -18 0 135 0 -574 0 -315 0 -6048 0 100
1 0 -50 0 1125 0 -15000 0 131250 0 -787522 0 3276300 0 -9490500 0 17000625 0 -20150000 0 9696996
1 0 -40 0 700 0 -7000 0 43724 0 -178640 0 392000 0 -716000 0 374544
1 0 -56 0 1372 0 -19208 0 168048 0 -945504 0 3218712 0 -6799632 0 5712100
1 0 0 -35 0 -39 490 0 -8190 -3430 507 -85995 12005 -35490 -66885 -19004
1 0 0 -65 0 -21 1690 0 -8190 -21970 147 -159705 142805 -19110 -230685 -371636
1 0 0 0 -80 0 0 0 -9976 0 0 0 -235840 0 0 0 1296
1 0 0 -102 0 0 4329 0 0 -103360 0 0 1008333 0 0 -9997122 0 0 23639903
1 0 0 -85 0 -9 2890 0 -4590 -49130 27 -117045 417605 -4590 -221085 -1419884
1 0 0 0 -85 -8 0 0 2890 -8840 24 0 -49130 -358360 -23120 -32 417605 -1375640 127160 -2720 -1419841
1 0 0 0 -80 0 0 0 -4536 0 0 0 -146240 0 0 0 38416
1 0 0 0 -10 -68 0 0 40 -8840 1734 0 -80 -42160 -196520 -19652 80 -19040 127160 -196520 83489
1 0 0 -15 0 -51 90 0 -4590 -270 867 -20655 405 -26010 -6885 -5156
1 0 0 -12 0 0 9 0 0 -5260 0 0 -27657 0 0 -55272 0 0 -2197
1 0 -14 0 84 0 -280 -34 560 -1428 -672 -4760 448 -1904 161
1 0 0 -76 -6 0 2166 -1824 12 -27436 -21660 -912 130313
1 0 0 -8 -57 0 24 -1824 1083 -32 -2280 -8664 -6843
1 0 -12 0 16 0 -792 0 100
1 0 -10 0 40 -38 -80 -760 80 -760 329
1 0 -21 0 189 0 -945 -34 2835 -2142 -5103 -10710 5103 -6426 -1898
1 0 -45 0 900 0 -10500 0 78750 -26 -393750 -4680 1312500 -81900 -2812500 -273000 3515625 -146250 -1952956
1 0 -25 0 250 -34 -1250 -1700 3125 -4250 -2836
1 0 -63 0 1764 0 -28812 0 302526 -22 -2117682 -5544 9882516 -135828 -29647548 -633864 51883209 -475398 -40353486
1 0 0 -42 0 0 696 0 0 -20510 0 0 -232929 0 0 -840672 0 0 46656
1 0 0 -78 0 0 2514 0 0 -57590 0 0 -71847 0 0 -4572828 0 0 4251528
1 0 0 0 -65 -28 0 0 1690 -23660 294 0 -21970 -733460 -216580 -1372 142805 -2153060 910910 -89180 -368892
1 0 0 0 -35 -52 0 0 490 -23660 1014 0 -3430 -394940 -402220 -8788 12005 -624260 910910 -307580 11754
1 0 0 -102 0 0 4326 0 0 -105910 0 0 886101 0 0 -10739172 0 0 23393656
1 0 0 0 -85 -12 0 0 2890 -13260 54 0 -49130 -537540 -52020 -108 417605 -2063460 286110 -9180 -1419776
1 0 0 -20 -51 0 150 -4080 867 -500 -12750 -17340 -4288
1 0 0 0 -15 -68 0 0 90 -13260 1734 0 -270 -94860 -294780 -19652 405 -64260 286110 -294780 83278
1 0 0 -18 0 0 84 0 0 -8190 0 0 -62637 0 0 -122328 0 0 -512
1 0 -16 0 112 0 -448 0 1086 0 -3696 0 -7728 0 -8640 0 1
1 0 0 -95 0 -6 3610 0 -3420 -68590 12 -97470 651605 -2280 -205770 -2476107
1 0 0 -76 -9 0 2166 -2736 27 -27436 -32490 -2052 130294
1 0 0 0 -84 0 0 0 -2522 0 0 0 -126420 0 0 0 83521
1 0 0 -12 -57 0 54 -2736 1083 -108 -5130 -12996 -6778
1 0 0 -10 0 -57 40 0 -3420 -80 1083 -10260 80 -21660 -2280 -6891
1 0 -15 0 90 -38 -270 -1140 405 -1710 118
1 0 -12 0 60 0 -198 0 -900 0 -2472 0 121
1 0 -18 0 144 0 -672 0 2016 -34 -4032 -2448 5376 -17136 -4608 -22848 2304 -4896 -223
1 0 -24 0 252 0 -1512 0 5636 0 -16464 0 -1008 0 -43200 0 4096
1 0 -18 0 135 0 -578 0 -495 0 -6588 0 64
1 0 -50 0 1125 0 -15000 0 131250 0 -787526 0 3275400 0 -9511500 0 16895625 0 -20262500 0 9684544
1 0 -30 0 375 0 -2534 0 6825 0 -31500 0 11664
1 0 -70 0 2205 0 -41160 0 504210 0 -4235386 0 24699360 0 -99051540 0 257831385 0 -405913060 0 282105616
1 0 0 -85 0 -15 2890 0 -7650 -49130 75 -195075 417605 -12750 -368475 -1419982
1 0 0 0 -88 0 0 0 -8656 0 0 0 -252032 0 0 0 20736
1 0 0 -25 0 -51 250 0 -7650 -1250 867 -57375 3125 -43350 -31875 -8038
1 0 0 -114 0 0 5409 0 0 -142880 0 0 1649421 0 0 -16918854 0 0 46268279
1 0 0 -95 0 -9 3610 0 -5130 -68590 27 -146205 651605 -5130 -308655 -2476126
1 0 0 0 -95 -8 0 0 3610 -9880 24 0 -68590 -447640 -25840 -32 651605 -1920520 158840 -3040 -2476083
1 0 0 0 -88 0 0 0 -4848 0 0 0 -183040 0 0 0 65536
1 0 0 0 -10 -76 0 0 40 -9880 2166 0 -80 -47120 -245480 -27436 80 -21280 158840 -274360 130289
1 0 0 -15 0 -57 90 0 -5130 -270 1083 -23085 405 -32490 -7695 -7102
1 0 0 -12 0 0 3 0 0 -5860 0 0 -30825 0 0 -66312 0 0 -3375
1 0 -14 0 84 0 -280 -38 560 -1596 -672 -5320 448 -2128 233
1 0 -20 0 180 0 -960 0 3360 0 -8098 0 10380 0 -43920 0 -45600 0 -29600 0 225
1 0 -27 0 324 0 -2268 0 10206 -34 -30618 -3672 61236 -38556 -78732 -77112 59049 -24786 -19394
1 0 -21 0 189 0 -945 -38 2835 -2394 -5103 -11970 5103 -7182 -1826
1 0 -35 0 525 0 -4375 -34 21875 -3570 -65625 -29750 109375 -29750 -77836
1 0 0 -30 0 0 324 0 0 -15250 0 0 -169533 0 0 -424200 0 0 512
1 0 -63 0 1764 0 -28812 0 302526 -26 -2117682 -6552 9882516 -160524 -29647548 -749112 51883209 -561834 -40353438
1 0 0 -102 0 0 4320 0 0 -111010 0 0 641655 0 0 -12229392 0 0 22906304
1 0 0 0 -85 -20 0 0 2890 -22100 150 0 -49130 -895900 -144500 -500 417605 -3439100 794750 -42500 -1419232
1 0 0 -28 -51 0 294 -5712 867 -1372 -24990 -24276 -2512
1 0 0 0 -25 -68 0 0 250 -22100 1734 0 -1250 -263500 -491300 -19652 3125 -297500 794750 -491300 80396
1 0 0 -114 0 0 5406 0 0 -145730 0 0 1496733 0 0 -17953404 0 0 45882712
1 0 0 0 -95 -12 0 0 3610 -14820 54 0 -68590 -671460 -58140 -108 651605 -2880780 357390 -10260 -2476018
1 0 0 -20 -57 0 150 -4560 1083 -500 -14250 -21660 -6234
1 0 0 0 -15 -76 0 0 90 -14820 2166 0 -270 -106020 -368220 -27436 405 -71820 357390 -411540 130078
1 0 0 -18 0 0 78 0 0 -9090 0 0 -70035 0 0 -143388 0 0 -1000
1 0 -16 0 112 0 -448 0 1082 0 -3920 0 -8848 0 -9536 0 9
1 0 -8 0 -22 0 -584 0 361
1 0 -18 0 144 0 -672 0 2016 -38 -4032 -2736 5376 -19152 -4608 -25536 2304 -5472 -151
1 0 -30 0 405 0 -3240 0 17010 0 -61270 0 148500 0 -326700 0 102465 0 -320760 0 51076
1 0 -24 0 252 0 -1512 0 5632 0 -16800 0 -3528 0 -46224 0 3844
1 0 -40 0 700 0 -7000 0 43716 0 -179760 0 378000 0 -744000 0 369664
1 0 -30 0 375 0 -2538 0 6525 0 -33000 0 11236
1 0 -70 0 2205 0 -41160 0 504210 0 -4235390 0 24698100 0 -99092700 0 257543265 0 -406345240 0 282038436
1 0 0 -35 0 -51 490 0 -10710 -3430 867 -112455 12005 -60690 -87465 -21720
1 0 0 -55 0 -39 1210 0 -12870 -13310 507 -212355 73205 -55770 -259545 -163248
1 0 0 -65 0 -33 1690 0 -12870 -21970 363 -250965 142805 -47190 -362505 -372624
1 0 0 0 -96 0 0 0 -15992 0 0 0 -439680 0 0 0 16
1 0 0 0 -96 0 0 0 -12728 0 0 0 -375168 0 0 0 10000
1 0 0 0 -96 0 0 0 -9464 0 0 0 -310656 0 0 0 38416
1 0 0 -25 0 -57 250 0 -8550 -1250 1083 -64125 3125 -54150 -35625 -9984
1 0 0 -8 -69 0 24 -2208 1587 -32 -2760 -12696 -12151
1 0 -12 0 8 0 -936 0 196
1 0 -10 0 40 -46 -80 -920 80 -920 497
1 0 -20 0 180 0 -960 0 3360 0 -8102 0 10020 0 -47280 0 -52320 0 -32480 0 169
1 0 -27 0 324 0 -2268 0 10206 -38 -30618 -4104 61236 -43092 -78732 -86184 59049 -27702 -19322
1 0 -45 0 900 0 -10500 0 78750 -34 -393750 -6120 1312500 -107100 -2812500 -357000 3515625 -191250 -1952836
1 0 -35 0 525 0 -4375 -38 21875 -3990 -65625 -33250 109375 -33250 -77764
1 0 0 -30 0 0 318 0 0 -16750 0 0 -190467 0 0 -483300 0 0 216
1 0 0 -42 0 0 684 0 0 -24710 0 0 -315477 0 0 -1096872 0 0 32768
1 0 0 -66 0 0 1776 0 0 -48070 0 0 -445257 0 0 -3673296 0 0 1259712
1 0 0 0 -55 -52 0 0 1210 -37180 1014 0 -13310 -975260 -632060 -8788 73205 -2422420 2249390 -483340 -132490
1 0 0 -78 0 0 2502 0 0 -65390 0 0 -357579 0 0 -5947188 0 0 3944312
1 0 0 0 -65 -44 0 0 1690 -37180 726 0 -21970 -1152580 -534820 -5324 142805 -3383380 2249390 -346060 -356652
1 0 0 -102 0 0 4314 0 0 -116110 0 0 397233 0 0 -13727772 0 0 22425768
1 0 0 0 -85 -28 0 0 2890 -30940 294 0 -49130 -1254260 -283220 -1372 417605 -4814740 1557710 -116620 -1417456
1 0 0 0 -35 -68 0 0 490 -30940 1734 0 -3430 -516460 -687820 -19652 12005 -816340 1557710 -687820 66714
1 0 0 -114 0 0 5400 0 0 -151430 0 0 1191375 0 0 -20029344 0 0 45118016
1 0 0 0 -95 -20 0 0 3610 -24700 150 0 -68590 -1119100 -161500 -500 651605 -4801300 992750 -47500 -2475474
1 0 0 0 -25 -76 0 0 250 -24700 2166 0 -1250 -294500 -613700 -27436 3125 -332500 992750 -685900 127196
1 0 0 -115 0 -6 5290 0 -4140 -121670 12 -142830 1399205 -2760 -365010 -6436351
1 0 0 0 -100 0 0 0 -2506 0 0 0 -191300 0 0 0 194481
1 0 0 -12 -69 0 54 -3312 1587 -108 -6210 -19044 -12086
1 0 0 -10 0 -69 40 0 -4140 -80 1587 -12420 80 -31740 -2760 -12199
1 0 -15 0 90 -46 -270 -1380 405 -2070 286
1 0 -12 0 60 0 -206 0 -1140 0 -2952 0 225
1 0 -30 0 405 0 -3240 0 17010 0 -61274 0 147960 0 -334260 0 79785 0 -335340 0 50176
1 0 -18 0 135 0 -586 0 -855 0 -7668 0 16
1 0 -50 0 1125 0 -15000 0 131250 0 -787534 0 3273600 0 -9553500 0 16685625 0 -20487500 0 9659664
1 0 -40 0 700 0 -7000 0 43712 0 -180320 0 371000 0 -758000 0 367236
1 0 0 -35 0 -57 490 0 -11970 -3430 1083 -125685 12005 -75810 -97755 -23666
1 0 0 0 -104 0 0 0 -14032 0 0 0 -457600 0 0 0 20736
1 0 0 -138 0 0 7929 0 0 -250240 0 0 3750093 0 0 -42273678 0 0 146363183
1 0 0 0 -115 -8 0 0 5290 -11960 24 0 -121670 -655960 -31280 -32 1399205 -3406760 232760 -3680 -6436327
1 0 0 0 -104 0 0 0 -5328 0 0 0 -271232 0 0 0 160000
1 0 0 0 -10 -92 0 0 40 -11960 3174 0 -80 -57040 -359720 -48668 80 -25760 232760 -486680 279809
1 0 0 -15 0 -69 90 0 -6210 -270 1587 -27945 405 -47610 -9315 -12410
1 0 0 -12 0 0 -9 0 0 -7060 0 0 -37089 0 0 -91272 0 0 -6859
1 0 -14 0 84 0 -280 -46 560 -1932 -672 -6440 448 -2576 401
1 0 -21 0 189 0 -945 -46 2835 -2898 -5103 -14490 5103 -8694 -1658
1 0 -45 0 900 0 -10500 0 78750 -38 -393750 -6840 1312500 -119700 -2812500 -399000 3515625 -213750 -1952764
1 0 0 -42 0 0 678 0 0 -26810 0 0 -356715 0 0 -1230012 0 0 27000
1 0 0 0 -95 -28 0 0 3610 -34580 294 0 -68590 -1566740 -316540 -1372 651605 -6721820 1945790 -130340 -2473698
1 0 0 0 -35 -76 0 0 490 -34580 2166 0 -3430 -577220 -859180 -27436 12005 -912380 1945790 -960260 113514
1 0 0 0 -115 -12 0 0 5290 -17940 54 0 -121670 -983940 -70380 -108 1399205 -5110140 523710 -12420 -6436262
1 0 0 -20 -69 0 150 -5520 1587 -500 -17250 -31740 -11542
1 0 0 0 -15 -92 0 0 90 -17940 3174 0 -270 -128340 -539580 -48668 405 -86940 523710 -730020 279598
1 0 0 -18 0 0 66 0 0 -10890 0 0 -84759 0 0 -189828 0 0 -2744
1 0 -16 0 112 0 -448 0 1074 0 -4368 0 -11088 0 -11328 0 49
1 0 -24 0 252 0 -1512 0 5624 0 -17472 0 -8568 0 -52272 0 3364
1 0 -50 0 1125 0 -15000 0 131250 0 -787538 0 3272700 0 -9574500 0 16580625 0 -20600000 0 9647236
1 0 -30 0 375 0 -2546 0 5925 0 -36000 0 10404
1 0 -70 0 2205 0 -41160 0 504210 0 -4235398 0 24695580 0 -99175020 0 256967025 0 -407209600 0 281904100
1 0 0 -55 0 -51 1210 0 -16830 -13310 867 -277695 73205 -95370 -339405 -165964
1 0 0 0 -112 0 0 0 -20728 0 0 0 -674240 0 0 0 1296
1 0 0 0 -112 0 0 0 -10936 0 0 0 -448448 0 0 0 104976
1 0 0 -25 0 -69 250 0 -10350 -1250 1587 -77625 3125 -79350 -43125 -15292
1 0 -18 0 144 0 -672 0 2016 -46 -4032 -3312 5376 -23184 -4608 -30912 2304 -6624 17
1 0 -20 0 180 0 -960 0 3360 0 -8110 0 9300 0 -54000 0 -65760 0 -38240 0 81
1 0 -27 0 324 0 -2268 0 10206 -46 -30618 -4968 61236 -52164 -78732 -104328 59049 -33534 -19154
1 0 -35 0 525 0 -4375 -46 21875 -4830 -65625 -40250 109375 -40250 -77596
1 0 0 -30 0 0 306 0 0 -19750 0 0 -232263 0 0 -608700 0 0 8
1 0 0 -66 0 0 1764 0 0 -54670 0 0 -649629 0 0 -4551096 0 0 1124864
1 0 0 0 -55 -68 0 0 1210 -48620 1734 0 -13310 -1275340 -1080860 -19652 73205 -3167780 3846590 -1080860 -77530
1 0 0 0 -85 -44 0 0 2890 -48620 726 0 -49130 -1970980 -699380 -5324 417605 -7566020 3846590 -452540 -1405216
1 0 0 0 -115 -20 0 0 5290 -29900 150 0 -121670 -1639900 -195500 -500 1399205 -8516900 1454750 -57500 -6435718
1 0 0 0 -25 -92 0 0 250 -29900 3174 0 -1250 -356500 -899300 -48668 3125 -402500 1454750 -1216700 276716
1 0 -8 0 -34 0 -728 0 625
1 0 -30 0 405 0 -3240 0 17010 0 -61282 0 146880 0 -349380 0 34425 0 -364500 0 48400
1 0 -40 0 700 0 -7000 0 43704 0 -181440 0 357000 0 -786000 0 362404
1 0 -70 0 2205 0 -41160 0 504210 0 -4235402 0 24694320 0 -99216180 0 256678905 0 -407641780 0 281836944
1 0 0 -35 0 -69 490 0 -14490 -3430 1587 -152145 12005 -111090 -118335 -28974
1 0 0 0 -120 0 0 0 -24656 0 0 0 -850560 0 0 0 256
1 0 0 0 -120 0 0 0 -23024 0 0 0 -810240 0 0 0 4096
1 0 0 0 -120 0 0 0 -16496 0 0 0 -648960 0 0 0 65536
1 0 0 -8 -87 0 24 -2784 2523 -32 -3480 -20184 -24373
1 0 -10 0 40 -58 -80 -1160 80 -1160 809
1 0 -45 0 900 0 -10500 0 78750 -46 -393750 -8280 1312500 -144900 -2812500 -483000 3515625 -258750 -1952596
1 0 0 -42 0 0 666 0 0 -31010 0 0 -439119 0 0 -1506372 0 0 17576
1 0 0 -66 0 0 1758 0 0 -57970 0 0 -751779 0 0 -4997916 0 0 1061208
1 0 0 0 -55 -76 0 0 1210 -54340 2166 0 -13310 -1425380 -1350140 -27436 73205 -3540460 4804910 -1508980 -30730
1 0 0 -78 0 0 2484 0 0 -77090 0 0 -785997 0 0 -8055528 0 0 3511808
1 0 0 0 -65 -68 0 0 1690 -57460 1734 0 -21970 -1781260 -1277380 -19652 142805 -5228860 5372510 -1277380 -287772
1 0 0 0 -85 -52 0 0 2890 -57460 1014 0 -49130 -2329340 -976820 -8788 417605 -8941660 5372510 -746980 -1391296
1 0 0 0 -95 -44 0 0 3610 -54340 726 0 -68590 -2462020 -781660 -5324 651605 -10562860 4804910 -505780 -2461458
1 0 0 0 -115 -28 0 0 5290 -41860 294 0 -121670 -2295860 -383180 -1372 1399205 -11923660 2851310 -157780 -6433942
1 0 0 0 -35 -92 0 0 490 -41860 3174 0 -3430 -698740 -1259020 -48668 12005 -1104460 2851310 -1703380 263034
1 0 0 0 -124 0 0 0 -2122 0 0 0 -320540 0 0 0 531441
1 0 0 -12 -87 0 54 -4176 2523 -108 -7830 -30276 -24308
1 0 0 -10 0 -87 40 0 -5220 -80 2523 -15660 80 -50460 -3480 -24421
1 0 -15 0 90 -58 -270 -1740 405 -2610 598
1 0 -12 0 60 0 -218 0 -1500 0 -3672 0 441
1 0 -8 0 -38 0 -776 0 729
1 0 -50 0 1125 0 -15000 0 131250 0 -787546 0 3270900 0 -9616500 0 16370625 0 -20825000 0 9622404
1 0 0 0 -128 0 0 0 -27448 0 0 0 -1016320 0 0 0 1296
1 0 0 0 -145 -8 0 0 8410 -15080 24 0 -243890 -1042840 -39440 -32 3536405 -6828920 370040 -4640 -20511133
1 0 0 0 -128 0 0 0 -5688 0 0 0 -442880 0 0 0 456976
1 0 0 0 -10 -116 0 0 40 -15080 5046 0 -80 -71920 -571880 -97556 80 -32480 370040 -975560 707249
1 0 0 -15 0 -87 90 0 -7830 -270 2523 -35235 405 -75690 -11745 -24632
1 0 0 -12 0 0 -27 0 0 -8860 0 0 -46305 0 0 -135912 0 0 -15625
1 0 -18 0 135 0 -598 0 -1395 0 -9288 0 4
1 0 -14 0 84 0 -280 -58 560 -2436 -672 -8120 448 -3248 713
1 0 0 -8 -93 0 24 -2976 2883 -32 -3720 -23064 -29775
1 0 -10 0 40 -62 -80 -1240 80 -1240 929
1 0 -21 0 189 0 -945 -58 2835 -3654 -5103 -18270 5103 -10962 -1346
1 0 0 -78 0 0 2478 0 0 -80990 0 0 -928755 0 0 -8770788 0 0 3375000
1 0 0 0 -65 -76 0 0 1690 -64220 2166 0 -21970 -1990820 -1595620 -27436 142805 -5844020 6710990 -1783340 -240972
1 0 0 0 -95 -52 0 0 3610 -64220 1014 0 -68590 -2909660 -1091740 -8788 651605 -12483380 6710990 -834860 -2447538
1 0 0 0 -145 -12 0 0 8410 -22620 54 0 -243890 -1564260 -88740 -108 3536405 -10243380 832590 -15660 -20511068
1 0 0 0 -15 -116 0 0 90 -22620 5046 0 -270 -161820 -857820 -97556 405 -109620 832590 -1463340 707038
1 0 0 -18 0 0 48 0 0 -13590 0 0 -106665 0 0 -270288 0 0 -8000
1 0 -16 0 112 0 -448 0 1062 0 -5040 0 -14448 0 -14016 0 169
1 0 0 0 -132 0 0 0 -1898 0 0 0 -372900 0 0 0 707281
1 0 0 -12 -93 0 54 -4464 2883 -108 -8370 -34596 -29710
1 0 0 -10 0 -93 40 0 -5580 -80 2883 -16740 80 -57660 -3720 -29823
1 0 -15 0 90 -62 -270 -1860 405 -2790 718
1 0 -12 0 60 0 -222 0 -1620 0 -3912 0 529
1 0 -24 0 252 0 -1512 0 5612 0 -18480 0 -16128 0 -61344 0 2704
1 0 -30 0 375 0 -2558 0 5025 0 -40500 0 9216
1 0 0 0 -136 0 0 0 -12784 0 0 0 -709376 0 0 0 331776
1 0 0 -25 0 -87 250 0 -13050 -1250 2523 -97875 3125 -126150 -54375 -27514
1 0 -18 0 144 0 -672 0 2016 -58 -4032 -4176 5376 -29232 -4608 -38976 2304 -8352 329
1 0 0 0 -155 -8 0 0 9610 -16120 24 0 -297910 -1191640 -42160 -32 4617605 -8341480 422840 -4960 -28629135
1 0 0 0 -136 0 0 0 -5712 0 0 0 -511360 0 0 0 614656
1 0 0 0 -10 -124 0 0 40 -16120 5766 0 -80 -76880 -653480 -119164 80 -34720 422840 -1191640 923489
1 0 0 -15 0 -93 90 0 -8370 -270 2883 -37665 405 -86490 -12555 -30034
1 0 0 -12 0 0 -33 0 0 -9460 0 0 -49329 0 0 -152712 0 0 -19683
1 0 -18 0 135 0 -602 0 -1575 0 -9828 0 16
1 0 -14 0 84 0 -280 -62 560 -2604 -672 -8680 448 -3472 833
1 0 -20 0 180 0 -960 0 3360 0 -8122 0 8220 0 -64080 0 -85920 0 -46880 0 9
1 0 -27 0 324 0 -2268 0 10206 -58 -30618 -6264 61236 -65772 -78732 -131544 59049 -42282 -18842
1 0 -21 0 189 0 -945 -62 2835 -3906 -5103 -19530 5103 -11718 -1226
1 0 -35 0 525 0 -4375 -58 21875 -6090 -65625 -50750 109375 -50750 -77284
1 0 0 -66 0 0 1746 0 0 -64570 0 0 -956007 0 0 -5907396 0 0 941192
1 0 0 0 -115 -44 0 0 5290 -65780 726 0 -121670 -3607780 -946220 -5324 1399205 -18737180 7040990 -612260 -6421702
1 0 0 0 -55 -92 0 0 1210 -65780 3174 0 -13310 -1725460 -1978460 -48668 73205 -4285820 7040990 -2676740 118790
1 0 0 0 -145 -20 0 0 8410 -37700 150 0 -243890 -2607100 -246500 -500 3536405 -17072300 2312750 -72500 -20510524
1 0 0 0 -25 -116 0 0 250 -37700 5046 0 -1250 -449500 -1429700 -97556 3125 -507500 2312750 -2438900 704156
1 0 0 -30 0 0 288 0 0 -24250 0 0 -294777 0 0 -814800 0 0 -64
1 0 0 0 -155 -12 0 0 9610 -24180 54 0 -297910 -1787460 -94860 -108 4617605 -12512220 951390 -16740 -28629070
1 0 0 0 -15 -124 0 0 90 -24180 5766 0 -270 -172980 -980220 -119164 405 -117180 951390 -1787460 923278
1 0 0 -18 0 0 42 0 0 -14490 0 0 -113919 0 0 -299988 0 0 -10648
1 0 -16 0 112 0 -448 0 1058 0 -5264 0 -15568 0 -14912 0 225
1 0 -30 0 405 0 -3240 0 17010 0 -61294 0 145260 0 -372060 0 -33615 0 -408240 0 45796
1 0 -24 0 252 0 -1512 0 5608 0 -18816 0 -18648 0 -64368 0 2500
1 0 -40 0 700 0 -7000 0 43692 0 -183120 0 336000 0 -828000 0 355216
1 0 0 0 -144 0 0 0 -19832 0 0 0 -1005120 0 0 0 234256
1 0 0 -35 0 -87 490 0 -18270 -3430 2523 -191835 12005 -176610 -149205 -41196
1 0 0 0 -144 0 0 0 -13304 0 0 0 -811584 0 0 0 456976
1 0 0 -25 0 -93 250 0 -13950 -1250 2883 -104625 3125 -144150 -58125 -32916
1 0 -18 0 144 0 -672 0 2016 -62 -4032 -4464 5376 -31248 -4608 -41664 2304 -8928 449
1 0 -20 0 180 0 -960 0 3360 0 -8126 0 7860 0 -67440 0 -92640 0 -49760 0 1
1 0 -27 0 324 0 -2268 0 10206 -62 -30618 -6696 61236 -70308 -78732 -140616 59049 -45198 -18722
1 0 -45 0 900 0 -10500 0 78750 -58 -393750 -10440 1312500 -182700 -2812500 -609000 3515625 -326250 -1952284
1 0 -35 0 525 0 -4375 -62 21875 -6510 -65625 -54250 109375 -54250 -77164
1 0 0 -42 0 0 648 0 0 -37310 0 0 -562545 0 0 -1946112 0 0 8000
1 0 0 0 -65 -92 0 0 1690 -77740 3174 0 -21970 -2409940 -2338180 -48668 142805 -7074340 9834110 -3163420 -91452
1 0 0 0 -85 -76 0 0 2890 -83980 2166 0 -49130 -3404420 -2086580 -27436 417605 -13068580 11476190 -2332060 -1289536
1 0 0 0 -95 -68 0 0 3610 -83980 1734 0 -68590 -3804940 -1866940 -19652 651605 -16324420 11476190 -1866940 -2392578
1 0 0 0 -115 -52 0 0 5290 -77740 1014 0 -121670 -4263740 -1321580 -8788 1399205 -22143940 9834110 -1010620 -6407782
1 0 0 0 -145 -28 0 0 8410 -52780 294 0 -243890 -3649940 -483140 -1372 3536405 -23901220 4532990 -198940 -20508748
1 0 0 0 -35 -116 0 0 490 -52780 5046 0 -3430 -881020 -2001580 -97556 12005 -1392580 4532990 -3414460 690474
1 0 0 0 -155 -20 0 0 9610 -40300 150 0 -297910 -2979100 -263500 -500 4617605 -20853700 2642750 -77500 -28628526
1 0 0 0 -25 -124 0 0 250 -40300 5766 0 -1250 -480500 -1633700 -119164 3125 -542500 2642750 -2979100 920396
1 0 0 -30 0 0 282 0 0 -25750 0 0 -315567 0 0 -888300 0 0 -216
1 0 -8 0 -50 0 -920 0 1089
1 0 -30 0 405 0 -3240 0 17010 0 -61298 0 144720 0 -379620 0 -56295 0 -422820 0 44944
1 0 -50 0 1125 0 -15000 0 131250 0 -787558 0 3268200 0 -9679500 0 16055625 0 -21162500 0 9585216
1 0 -40 0 700 0 -7000 0 43688 0 -183680 0 329000 0 -842000 0 352836
1 0 0 0 -152 0 0 0 -20848 0 0 0 -1143040 0 0 0 331776
1 0 0 -35 0 -93 490 0 -19530 -3430 2883 -205065 12005 -201810 -159495 -46598
1 0 0 -8 -111 0 24 -3552 4107 -32 -4440 -32856 -50637
1 0 -10 0 40 -74 -80 -1480 80 -1480 1337
1 0 -45 0 900 0 -10500 0 78750 -62 -393750 -11160 1312500 -195300 -2812500 -651000 3515625 -348750 -1952164
1 0 0 -42 0 0 642 0 0 -39410 0 0 -603639 0 0 -2099412 0 0 5832
1 0 0 0 -155 -28 0 0 9610 -56420 294 0 -297910 -4170740 -516460 -1372 4617605 -29195180 5179790 -212660 -28626750
1 0 0 0 -35 -124 0 0 490 -56420 5766 0 -3430 -941780 -2287180 -119164 12005 -1488620 5179790 -4170740 906714
1 0 0 0 -156 0 0 0 -938 0 0 0 -560508 0 0 0 1500625
1 0 0 -12 -111 0 54 -5328 4107 -108 -9990 -49284 -50572
1 0 0 -10 0 -111 40 0 -6660 -80 4107 -19980 80 -82140 -4440 -50685
1 0 -15 0 90 -74 -270 -2220 405 -3330 1126
1 0 -12 0 60 0 -234 0 -1980 0 -4632 0 841
1 0 -50 0 1125 0 -15000 0 131250 0 -787562 0 3267300 0 -9700500 0 15950625 0 -21275000 0 9572836
1 0 0 0 -185 -8 0 0 13690 -19240 24 0 -506530 -1697560 -50320 -32 9370805 -14182840 602360 -5920 -69343941
1 0 0 0 -160 0 0 0 -5496 0 0 0 -753280 0 0 0 1336336
1 0 0 0 -10 -148 0 0 40 -19240 8214 0 -80 -91760 -930920 -202612 80 -41440 602360 -2026120 1874129
1 0 0 -15 0 -111 90 0 -9990 -270 4107 -44955 405 -123210 -14985 -50896
1 0 0 -12 0 0 -51 0 0 -11260 0 0 -58257 0 0 -208872 0 0 -35937
1 0 -18 0 135 0 -614 0 -2115 0 -11448 0 100
1 0 -14 0 84 0 -280 -74 560 -3108 -672 -10360 448 -4144 1241
1 0 -21 0 189 0 -945 -74 2835 -4662 -5103 -23310 5103 -13986 -818
1 0 0 -66 0 0 1728 0 0 -74470 0 0 -1262169 0 0 -7311216 0 0 778688
1 0 0 0 -85 -92 0 0 2890 -101660 3174 0 -49130 -4121140 -3057620 -48668 417605 -15819860 16816910 -4136780 -1140016
1 0 0 0 -115 -68 0 0 5290 -101660 1734 0 -121670 -5575660 -2259980 -19652 1399205 -28957460 16816910 -2259980 -6352822
1 0 0 0 -145 -44 0 0 8410 -82940 726 0 -243890 -5735620 -1193060 -5324 3536405 -37559060 11193710 -771980 -20496508
1 0 0 0 -55 -116 0 0 1210 -82940 5046 0 -13310 -2175580 -3145340 -97556 73205 -5403860 11193710 -5365580 546230
1 0 0 0 -185 -12 0 0 13690 -28860 54 0 -506530 -2546340 -113220 -108 9370805 -21274260 1355310 -19980 -69343876
1 0 0 0 -15 -148 0 0 90 -28860 8214 0 -270 -206460 -1396380 -202612 405 -139860 1355310 -3039180 1873918
1 0 0 -18 0 0 24 0 0 -17190 0 0 -135537 0 0 -397728 0 0 -21952
1 0 -16 0 112 0 -448 0 1046 0 -5936 0 -18928 0 -17600 0 441
1 0 -24 0 252 0 -1512 0 5596 0 -19824 0 -26208 0 -73440 0 1936
1 0 0 0 -168 0 0 0 -14576 0 0 0 -1166592 0 0 0 1048576
1 0 0 -25 0 -111 250 0 -16650 -1250 4107 -124875 3125 -205350 -69375 -53778
1 0 -18 0 144 0 -672 0 2016 -74 -4032 -5328 5376 -37296 -4608 -49728 2304 -10656 857
1 0 -27 0 324 0 -2268 0 10206 -74 -30618 -7992 61236 -83916 -78732 -167832 59049 -53946 -18314
1 0 -35 0 525 0 -4375 -74 21875 -7770 -65625 -64750 109375 -64750 -76756
1 0 0 -66 0 0 1722 0 0 -77770 0 0 -1364175 0 0 -7789716 0 0 729000
1 0 0 0 -95 -92 0 0 3610 -113620 3174 0 -68590 -5147860 -3417340 -48668 651605 -22085980 21006590 -4623460 -2196258
1 0 0 0 -115 -76 0 0 5290 -113620 2166 0 -121670 -6231620 -2823020 -27436 1399205 -32364220 21006590 -3155140 -6306022
1 0 0 0 -145 -52 0 0 8410 -98020 1014 0 -243890 -6778460 -1666340 -8788 3536405 -44387980 15634190 -1274260 -20482588
1 0 0 0 -65 -116 0 0 1690 -98020 5046 0 -21970 -3038620 -3717220 -97556 142805 -8919820 15634190 -6341140 335988
1 0 0 0 -155 -44 0 0 9610 -88660 726 0 -297910 -6554020 -1275340 -5324 4617605 -45878140 12790910 -825220 -28614510
1 0 0 0 -55 -124 0 0 1210 -88660 5766 0 -13310 -2325620 -3594140 -119164 73205 -5776540 12790910 -6554020 762470
1 0 0 0 -185 -20 0 0 13690 -48100 150 0 -506530 -4243900 -314500 -500 9370805 -35457100 3764750 -92500 -69343332
1 0 0 0 -25 -148 0 0 250 -48100 8214 0 -1250 -573500 -2327300 -202612 3125 -647500 3764750 -5065300 1871036
1 0 0 -30 0 0 264 0 0 -30250 0 0 -377793 0 0 -1123200 0 0 -1728
1 0 -20 0 180 0 -960 0 3360 0 -8138 0 6780 0 -77520 0 -112800 0 -58400 0 25
1 0 -30 0 405 0 -3240 0 17010 0 -61310 0 143100 0 -402300 0 -124335 0 -466560 0 42436
1 0 -40 0 700 0 -7000 0 43676 0 -185360 0 308000 0 -884000 0 345744
1 0 0 -35 0 -111 490 0 -23310 -3430 4107 -244755 12005 -287490 -190365 -67460
1 0 -45 0 900 0 -10500 0 78750 -74 -393750 -13320 1312500 -233100 -2812500 -777000 3515625 -416250 -1951756
1 0 0 -42 0 0 624 0 0 -45710 0 0 -726777 0 0 -2579472 0 0 1728
1 0 0 0 -65 -124 0 0 1690 -104780 5766 0 -21970 -3248180 -4247620 -119164 142805 -9534980 17864990 -7745660 552228
1 0 0 0 -185 -28 0 0 13690 -67340 294 0 -506530 -5941460 -616420 -1372 9370805 -49639940 7378910 -253820 -69341556
1 0 0 0 -35 -148 0 0 490 -67340 8214 0 -3430 -1124060 -3258220 -202612 12005 -1776740 7378910 -7091420 1857354
1 0 -50 0 1125 0 -15000 0 131250 0 -787574 0 3264600 0 -9763500 0 15635625 0 -21612500 0 9535744
1 0 0 0 -85 -116 0 0 2890 -128180 5046 0 -49130 -5196220 -4860980 -97556 417605 -19946780 26735390 -8292260 -712576
1 0 0 0 -55 -148 0 0 1210 -105820 8214 0 -13310 -2775740 -5120060 -202612 73205 -6894580 18221390 -11143660 1713110
1 0 0 0 -65 -148 0 0 1690 -125060 8214 0 -21970 -3876860 -6050980 -202612 142805 -11380460 25449710 -13169780 1502868
