3 2 2 2
3 2 2 3
3 3 2 2
2 2 3 4
3 2 2 4
3 3 2 3
5 2 2 2
2 2 3 5
3 2 2 5
3 3 2 4
3 4 2 3
5 2 2 3
5 2 3 2
5 3 2 2
2 2 3 6
2 3 3 5
3 2 2 6
3 2 5 3
3 3 2 5
3 4 2 4
5 2 2 4
5 2 3 3
5 3 2 3
5 4 2 2
2 2 3 7
2 2 5 5
2 3 3 6
3 2 2 7
3 2 5 4
3 3 2 6
3 4 2 5
3 5 2 4
5 2 2 5
5 2 3 4
5 3 2 4
5 3 3 3
5 4 2 3
7 2 2 3
7 3 2 2
2 2 3 8
2 2 5 6
3 2 2 8
3 2 5 5
5 2 2 6
5 2 3 5
5 3 2 5
5 3 3 4
5 4 2 4
5 4 3 3
5 5 2 3
7 2 2 4
7 3 2 3
7 3 3 2
7 4 2 2
2 2 3 9
2 2 5 7
3 2 2 9
3 2 5 6
3 2 7 4
3 3 5 5
5 2 2 7
5 2 3 6
5 3 2 6
5 3 3 5
5 4 2 5
5 4 3 4
5 5 2 4
5 6 2 3
7 2 2 5
7 2 3 4
7 3 2 4
7 3 3 3
7 4 2 3
7 5 2 2
2 2 3 10
2 2 5 8
2 2 7 6
3 2 2 10
3 2 5 7
3 2 7 5
3 3 5 6
5 2 2 8
5 2 3 7
5 3 3 6
5 4 3 5
5 5 3 4
7 2 2 6
7 2 3 5
7 3 2 5
7 3 3 4
7 4 2 4
7 4 3 3
7 5 2 3
2 2 5 9
2 2 7 7
3 2 5 8
3 2 7 6
5 2 2 9
5 2 3 8
5 2 7 4
7 2 2 7
7 2 3 6
7 3 2 6
7 3 3 5
7 3 5 3
7 4 2 5
7 4 3 4
7 5 2 4
7 5 3 3
7 6 2 3
11 3 2 2
2 2 5 10
2 2 7 8
3 2 5 9
3 2 7 7
3 3 7 6
5 2 2 10
5 2 3 9
5 2 7 5
5 3 7 4
7 2 2 8
7 2 3 7
7 3 3 6
7 3 5 4
7 4 3 5
7 5 3 4
11 3 2 3
11 3 3 2
11 4 2 2
2 2 7 9
3 2 5 10
3 2 7 8
5 2 3 10
5 2 7 6
5 3 7 5
7 2 2 9
7 2 3 8
7 2 5 6
7 3 5 5
7 4 5 4
11 3 2 4
11 3 3 3
11 4 2 3
11 4 3 2
11 5 2 2
13 3 2 2
2 2 7 10
3 2 7 9
3 2 11 5
5 2 7 7
5 3 7 6
5 4 7 5
7 2 2 10
7 2 3 9
7 2 5 7
7 3 5 6
7 4 5 5
11 3 2 5
11 3 3 4
11 4 2 4
11 4 3 3
11 5 2 3
11 6 2 2
13 3 2 3
13 4 2 2
2 2 11 7
3 2 7 10
3 2 11 6
5 2 7 8
7 2 3 10
7 2 5 8
11 3 2 6
11 3 3 5
11 3 5 3
11 4 2 5
11 4 3 4
11 5 2 4
11 5 3 3
11 6 2 3
13 3 2 4
13 3 3 3
13 4 2 3
13 4 3 2
13 5 2 2
2 2 11 8
3 2 11 7
3 2 13 5
5 2 7 9
5 2 11 5
7 2 5 9
11 3 3 6
11 3 5 4
11 4 3 5
11 4 5 3
11 5 3 4
11 6 3 3
13 3 2 5
13 3 3 4
13 4 2 4
13 4 3 3
13 5 2 3
13 6 2 2
2 2 11 9
3 2 11 8
3 2 13 6
5 2 7 10
5 2 11 6
5 3 11 5
7 2 5 10
11 3 5 5
11 4 5 4
13 3 2 6
13 3 3 5
13 4 2 5
13 4 3 4
13 5 2 4
13 5 3 3
13 6 2 3
13 7 2 2
17 3 2 2
2 2 11 10
2 2 13 8
3 2 11 9
3 2 13 7
5 2 11 7
5 2 13 5
5 3 11 6
7 3 11 4
11 3 5 6
11 3 7 4
11 4 5 5
11 5 5 4
13 3 3 6
13 3 5 4
13 4 3 5
13 4 5 3
13 5 3 4
13 6 3 3
17 3 2 3
17 4 2 2
2 2 13 9
3 2 11 10
3 2 13 8
5 2 11 8
5 2 13 6
5 3 13 5
7 3 11 5
11 3 7 5
11 4 7 4
13 3 5 5
13 4 5 4
17 3 2 4
17 4 2 3
17 4 3 2
17 5 2 2
2 2 13 10
3 2 13 9
5 2 11 9
5 2 13 7
5 3 13 6
7 3 11 6
7 3 13 4
7 4 11 5
11 3 7 6
11 4 7 5
13 3 5 6
13 3 7 4
13 4 5 5
13 5 5 4
17 3 2 5
17 3 3 4
17 4 2 4
17 4 3 3
17 5 2 3
17 5 3 2
17 6 2 2
19 3 2 3
19 4 2 2
3 2 13 10
3 2 17 6
5 2 11 10
5 2 13 8
7 2 11 8
7 3 13 5
13 3 7 5
13 4 7 4
17 3 2 6
17 3 3 5
17 4 2 5
17 4 3 4
17 5 2 4
17 5 3 3
17 6 2 3
17 7 2 2
19 3 2 4
19 4 2 3
19 4 3 2
19 5 2 2
3 2 17 7
5 2 13 9
5 2 17 5
7 2 11 9
7 3 13 6
13 3 7 6
13 4 7 5
13 5 7 4
17 3 3 6
17 4 3 5
17 4 5 3
17 5 3 4
17 6 3 3
17 8 2 2
19 3 2 5
19 3 3 4
19 4 2 4
19 4 3 3
19 5 2 3
19 5 3 2
19 6 2 2
2 2 17 9
3 2 17 8
3 2 19 6
5 2 13 10
5 2 17 6
7 2 11 10
17 3 5 5
17 4 5 4
17 5 5 3
19 3 2 6
19 3 3 5
19 4 2 5
19 4 3 4
19 5 2 4
19 5 3 3
19 6 2 3
19 7 2 2
2 2 17 10
3 2 17 9
3 2 19 7
5 2 17 7
5 3 17 6
7 2 13 9
17 3 5 6
17 4 5 5
17 4 7 3
17 5 5 4
19 3 3 6
19 4 3 5
19 4 5 3
19 5 3 4
19 6 3 3
19 8 2 2
23 4 2 2
2 2 19 9
3 2 17 10
3 2 19 8
5 2 17 8
5 2 19 6
7 2 13 10
7 3 17 5
11 3 13 5
13 3 11 5
13 4 11 4
17 4 7 4
19 4 5 4
19 5 5 3
23 4 2 3
23 4 3 2
23 5 2 2
2 2 19 10
3 2 19 9
5 2 17 9
5 2 19 7
5 3 19 6
7 3 17 6
11 3 13 6
11 4 13 5
13 3 11 6
13 4 11 5
17 3 7 6
17 4 7 5
17 5 7 4
19 3 5 6
19 4 5 5
19 5 5 4
23 3 2 5
23 4 2 4
23 4 3 3
23 5 2 3
23 5 3 2
23 6 2 2
3 2 19 10
3 2 23 6
5 2 17 10
5 2 19 8
7 3 19 5
19 4 7 4
23 3 2 6
23 4 2 5
23 4 3 4
23 5 2 4
23 5 3 3
23 6 2 3
23 7 2 2
3 2 23 7
5 2 19 9
7 3 19 6
19 4 7 5
19 5 7 4
23 4 3 5
23 4 5 3
23 5 3 4
23 6 3 3
23 8 2 2
3 2 23 8
5 2 19 10
5 2 23 6
7 2 17 10
11 3 17 5
17 4 11 4
23 4 5 4
23 5 5 3
23 9 2 2
2 2 23 10
3 2 23 9
5 2 23 7
5 3 23 6
11 3 17 6
11 4 17 5
17 4 11 5
23 4 5 5
23 5 5 4
29 4 2 2
3 2 23 10
5 2 23 8
7 2 19 10
7 3 23 5
17 4 13 4
19 4 11 4
23 4 7 4
29 4 2 3
29 5 2 2
5 2 23 9
7 3 23 6
11 3 19 6
11 4 19 5
13 3 17 6
13 4 17 5
17 4 13 5
19 4 11 5
23 4 7 5
23 5 7 4
29 4 2 4
29 4 3 3
29 5 2 3
29 5 3 2
29 6 2 2
31 4 2 2
5 2 23 10
19 4 13 4
29 4 2 5
29 4 3 4
29 5 2 4
29 5 3 3
29 6 2 3
29 6 3 2
29 7 2 2
31 4 2 3
31 5 2 2
3 2 29 7
13 3 19 6
13 4 19 5
19 4 13 5
29 4 3 5
29 5 3 4
29 6 3 3
29 8 2 2
31 4 2 4
31 4 3 3
31 5 2 3
31 5 3 2
31 6 2 2
3 2 29 8
5 2 29 6
29 4 5 4
29 5 5 3
29 9 2 2
31 4 2 5
31 4 3 4
31 5 2 4
31 5 3 3
31 6 2 3
31 6 3 2
31 7 2 2
2 2 29 10
3 2 29 9
3 2 31 7
5 2 29 7
11 3 23 6
23 4 11 5
23 5 11 4
29 4 5 5
29 5 5 4
29 6 5 3
31 4 3 5
31 5 3 4
31 6 3 3
31 8 2 2
3 2 29 10
3 2 31 8
5 2 29 8
29 4 7 4
29 5 7 3
31 4 5 4
31 5 5 3
31 9 2 2
2 2 31 10
3 2 31 9
5 2 29 9
5 2 31 7
7 3 29 6
13 4 23 5
17 4 19 5
19 4 17 5
23 4 13 5
29 4 7 5
29 5 7 4
31 4 5 5
31 5 5 4
31 6 5 3
37 4 2 2
3 2 31 10
5 2 29 10
5 2 31 8
31 4 7 4
31 5 7 3
37 4 2 3
37 5 2 2
5 2 31 9
7 3 31 6
31 4 7 5
31 5 7 4
37 4 2 4
37 4 3 3
37 5 2 3
37 5 3 2
37 6 2 2
5 2 31 10
37 4 2 5
37 4 3 4
37 5 2 4
37 5 3 3
37 6 2 3
37 6 3 2
37 7 2 2
3 2 37 7
11 3 29 6
17 4 23 5
23 4 17 5
29 4 11 5
29 5 11 4
37 4 3 5
37 5 3 4
37 6 3 3
37 8 2 2
3 2 37 8
37 4 5 4
37 5 5 3
37 9 2 2
3 2 37 9
5 2 37 7
11 3 31 6
19 4 23 5
23 4 19 5
29 4 13 5
29 5 13 4
31 4 11 5
31 5 11 4
37 4 5 5
37 5 5 4
37 6 5 3
37 10 2 2
3 2 37 10
5 2 37 8
37 5 7 3
5 2 37 9
7 3 37 6
31 5 13 4
37 4 7 5
37 5 7 4
5 2 37 10
17 4 29 5
37 5 11 4
37 5 13 4
0 0 0 0
