0 0
9 18
9 45
9 81
45 72
54 81
90 90
0
-1
58 522
116 580
406 580
580 464
464 290
232 290
232 232
232 174
348 0
464 0
522 58
0
238 44
288 3
221 96
183 133
100 262
127 263
0
658 66
639 270
588 319
549 258
555 364
452 609
289 690
297 800
358 855
0
436 50
231 126
98 233
121 557
228 687
198 675
203 689
0
219 30
244 39
269 48
294 57
689 173
639 302
589 431
436 593
0
0 0
0 20
0 955
960 1000
1000 1000
0
669 361
695 47
654 8
554 55
540 2
173 0
10 270
0
272 45
253 73
274 137
296 235
194 255
191 290
173 293
139 297
127 299
79 294
83 298
0
7 19
11 87
4 126
17 206
128 298
230 285
218 278
214 275
293 267
255 275
0
