27
0 0
90 90
27 18 36 9
27 0 72 9
18 36 27 0
36 27 36 54
0 0 27 0
36 54 63 45
9 81 45 72
9 81 9 45
9 45 9 18
54 27 36 27
90 54 81 63
90 63 90 36
54 27 63 45
72 9 90 36
90 63 90 90
36 27 18 36
9 72 18 54
90 45 63 45
54 81 45 72
54 81 90 90
9 63 0 45
36 36 45 36
9 0 18 9
54 27 27 0
45 72 36 54
18 36 0 0
72 45 63 54
33
910 637
91 0
273 455 546 637
455 364 637 546
910 637 364 910
546 728 364 546
273 91 182 91
273 273 273 819
182 0 364 182
91 637 182 364
637 91 455 0
182 364 0 182
91 455 91 546
273 273 455 364
546 637 546 819
0 182 0 0
728 728 637 546
0 0 91 0
728 273 728 637
91 364 91 273
91 0 455 0
273 364 182 637
546 182 364 0
910 637 637 91
182 728 0 910
364 91 364 0
364 182 0 546
637 364 728 273
364 910 0 546
91 91 182 182
546 455 546 273
182 0 0 182
637 91 455 364
546 819 637 546
91 182 91 273
32
58 522
522 58
464 290 348 174
232 58 174 0
406 232 464 174
464 0 522 58
406 464 464 464
348 0 232 174
580 464 464 290
348 116 406 0
116 580 58 522
406 580 406 406
232 348 58 522
348 464 406 522
116 0 232 174
348 232 290 290
232 522 348 580
522 174 464 116
580 58 522 58
232 580 174 464
522 174 580 232
116 116 58 174
406 406 232 348
0 348 116 0
464 0 116 0
406 348 348 290
116 580 406 580
348 174 232 232
464 290 232 290
580 464 406 580
406 406 580 58
58 522 0 348
232 348 232 174
116 464 174 522
108
238 44
127 263
56 261 107 229
98 103 146 127
183 133 14 217
183 133 35 109
269 107 270 134
66 121 21 181
177 196 269 107
160 132 109 121
25 70 35 109
177 196 270 134
8 226 14 217
266 116 270 134
14 217 21 105
238 44 180 79
177 196 183 133
199 247 185 273
209 269 196 257
177 196 266 116
288 3 238 44
147 292 100 262
180 79 119 56
155 214 156 214
100 262 127 263
262 161 270 134
177 196 100 262
248 33 119 56
177 196 206 195
177 196 234 178
262 161 174 289
183 133 59 196
56 261 14 217
261 56 187 153
267 293 299 153
59 196 21 217
118 155 72 115
187 153 179 175
56 261 59 196
183 133 183 164
202 72 225 81
56 261 21 217
174 289 178 212
42 143 28 145
14 217 35 109
21 105 25 58
14 217 21 217
25 70 180 79
147 292 267 293
183 133 221 96
25 70 14 217
25 58 119 56
100 262 56 261
59 196 16 217
56 261 8 226
261 56 247 95
59 196 18 217
288 3 183 133
147 292 56 261
248 33 238 44
288 3 248 33
174 289 267 293
198 252 218 225
261 210 251 177
262 161 267 293
224 8 284 6
221 96 187 153
177 196 286 56
288 3 247 95
263 33 267 29
8 226 25 58
288 3 187 153
183 133 25 70
177 196 174 289
147 292 127 263
267 293 156 291
206 195 215 184
219 132 217 124
109 7 72 57
59 196 15 217
90 0 268 18
25 70 25 58
183 133 100 262
288 3 221 96
286 56 284 32
177 196 147 292
262 161 299 153
286 56 247 95
288 3 261 56
269 107 299 153
25 70 119 56
284 32 288 3
288 3 286 56
262 19 256 27
288 3 299 153
270 134 299 153
247 95 187 153
286 56 299 153
233 246 207 241
262 161 178 212
258 149 194 189
25 70 21 105
14 217 59 196
147 292 174 289
183 133 56 261
177 196 262 161
248 33 180 79
166 59 214 56
269 107 268 125
100 262 107 229
180
658 66
358 855
253 62 658 66
838 865 848 832
148 93 174 192
65 700 124 654
452 609 514 536
775 633 514 536
473 196 594 264
369 796 335 800
483 858 410 660
344 746 312 745
452 609 148 93
194 236 148 93
788 750 771 718
148 93 65 700
65 700 279 861
658 66 889 426
483 858 757 878
71 601 62 337
802 497 851 495
289 690 426 733
452 609 596 642
637 54 139 2
588 319 639 270
757 878 731 850
802 466 794 387
289 690 65 700
280 459 151 312
736 119 694 68
148 93 253 62
255 704 177 695
596 642 564 746
555 364 697 582
827 857 872 785
620 340 762 570
889 426 748 71
15 287 139 2
247 271 192 215
483 858 788 750
297 800 358 855
172 38 397 59
657 639 572 720
775 633 889 426
339 613 280 459
775 633 802 466
279 861 757 878
597 103 554 72
280 459 242 652
658 66 802 466
449 305 461 386
794 387 750 279
426 733 410 660
139 547 124 654
280 459 124 654
828 620 872 785
514 536 518 500
452 609 65 700
280 459 174 192
401 553 300 351
238 294 214 276
757 878 828 620
667 338 736 444
555 364 549 258
460 29 388 28
736 119 748 71
148 93 15 287
174 192 190 341
757 878 824 879
637 54 748 71
750 279 852 377
775 633 483 858
889 426 778 655
658 66 639 270
824 879 797 866
452 609 483 858
441 68 253 62
828 620 771 718
775 633 778 655
555 364 456 336
322 542 258 398
100 425 105 215
750 279 815 328
253 62 358 72
788 750 506 858
757 878 872 785
775 633 555 364
549 258 639 270
452 609 289 690
65 700 242 652
211 342 235 400
124 654 124 684
253 62 637 54
253 62 549 258
585 167 394 72
279 861 297 800
657 639 564 746
757 878 827 857
452 609 775 633
715 846 553 840
658 66 637 54
802 466 750 279
124 654 183 668
889 426 750 279
253 62 639 270
358 72 441 68
555 364 518 500
596 642 483 858
139 547 151 312
148 93 19 459
794 387 795 356
483 858 657 639
555 364 463 406
704 284 766 366
827 857 824 879
279 861 358 855
584 411 626 473
419 226 475 209
148 93 124 654
253 62 555 364
452 609 253 62
289 690 279 861
757 878 788 750
242 652 339 613
289 690 483 858
476 52 589 55
358 72 347 65
750 279 795 356
514 536 555 364
169 97 376 480
889 426 771 718
456 336 509 385
807 707 828 620
289 690 358 855
314 89 295 66
463 406 456 336
579 72 658 66
358 72 639 270
757 878 358 855
289 690 410 660
167 308 194 361
449 409 358 234
614 189 495 72
9 878 17 373
658 66 748 71
289 690 297 800
807 707 872 785
775 633 658 66
889 426 802 466
19 459 15 287
658 66 736 119
788 750 731 850
889 426 801 328
824 879 872 785
174 192 151 312
775 633 549 258
658 66 358 72
889 426 794 387
65 700 19 459
148 93 139 547
549 258 588 319
788 750 828 620
253 62 463 406
741 358 784 416
771 718 800 711
174 192 194 236
452 609 555 364
188 623 184 579
771 718 808 685
748 71 722 102
483 858 426 733
815 328 889 426
514 289 552 311
889 426 736 119
384 757 386 774
280 459 190 341
506 858 731 850
280 459 139 547
514 536 697 582
148 93 280 459
358 72 579 72
124 654 242 652
162
436 50
203 689
660 501 687 343
568 373 571 398
140 620 0 413
263 514 253 505
85 225 69 182
412 655 312 687
258 89 242 79
438 488 374 501
303 109 373 82
99 315 103 391
192 404 191 438
121 557 40 131
0 413 93 575
376 212 647 611
374 501 228 687
249 169 191 201
71 586 33 518
438 488 228 687
231 126 40 131
312 687 381 545
444 27 436 50
376 212 228 687
44 450 94 415
121 557 0 413
231 126 279 166
412 655 363 672
396 118 373 82
228 687 0 413
444 27 426 0
438 488 470 387
568 373 373 82
319 592 438 488
444 27 679 50
228 687 688 692
376 212 396 118
93 575 71 586
231 126 284 169
158 635 203 689
660 501 659 209
444 27 142 15
228 687 121 557
20 622 52 552
277 341 141 523
231 126 98 233
121 557 98 233
376 212 374 501
98 233 85 225
71 586 62 521
660 501 638 417
438 488 312 687
98 233 311 234
308 638 272 687
647 611 688 692
249 585 220 518
184 112 373 60
568 373 396 118
0 413 71 586
279 573 228 687
660 501 679 50
142 15 135 18
98 233 40 131
121 557 85 225
231 126 444 27
520 95 506 200
396 118 303 109
158 635 140 620
688 692 412 655
40 131 6 313
269 460 154 544
284 169 243 136
92 539 114 550
436 50 373 82
197 376 161 489
6 313 20 272
688 692 203 689
249 148 284 169
568 373 638 417
438 488 526 451
688 692 312 687
376 212 438 488
309 623 309 687
40 131 163 135
526 451 527 469
526 451 587 540
303 109 436 50
376 212 660 501
647 611 526 451
444 27 40 131
55 357 67 273
312 687 416 580
98 233 163 135
0 413 6 313
568 373 660 501
286 492 228 687
477 231 438 179
2 300 3 363
521 680 558 684
231 126 249 148
526 451 470 387
158 635 71 586
373 82 334 112
98 233 249 148
568 373 604 50
231 126 303 109
228 687 140 620
203 689 193 661
71 586 203 689
414 101 503 276
568 373 436 50
40 131 0 413
46 18 23 222
228 687 312 687
40 131 85 225
568 373 444 27
329 414 245 649
40 131 135 18
688 692 353 696
381 545 228 687
568 373 679 50
660 501 571 398
71 586 31 467
679 50 426 0
376 212 231 126
438 488 647 611
660 501 688 692
98 233 284 169
121 557 286 492
438 488 412 655
312 687 363 672
0 413 33 518
688 692 363 672
231 126 274 163
376 212 121 557
374 501 319 592
444 27 604 50
231 126 396 118
660 501 647 611
231 126 264 157
250 429 291 327
376 212 98 233
278 611 301 594
659 209 638 417
140 620 71 586
444 27 135 18
83 338 94 308
267 260 251 336
142 15 426 0
228 687 158 635
228 687 198 675
524 589 563 590
414 210 386 165
165 514 172 488
231 126 436 50
412 655 416 580
679 50 687 343
353 696 203 689
659 209 679 50
647 611 527 469
374 501 279 573
648 206 603 395
121 557 311 234
438 488 688 692
165
219 30
436 593
543 59 316 49
402 3 316 49
384 645 210 536
295 255 310 329
689 173 645 512
417 657 515 578
82 68 98 137
132 492 260 631
127 20 91 210
140 460 144 462
448 345 384 547
417 657 6 610
158 84 123 46
267 581 322 638
689 173 347 150
636 414 647 447
573 155 689 173
384 547 358 466
423 651 384 547
46 658 485 677
150 447 69 282
116 550 260 631
287 176 273 220
55 610 28 598
167 141 112 179
543 59 566 68
251 31 219 30
358 466 381 331
294 57 251 31
589 431 593 693
149 518 212 604
236 111 66 274
236 111 294 57
88 635 458 673
127 20 66 274
384 645 132 492
251 31 244 39
294 57 280 72
515 578 593 693
294 57 543 59
417 657 260 631
448 345 381 331
282 360 292 347
384 645 420 654
593 693 642 552
236 111 573 155
297 230 358 466
127 20 117 85
88 635 6 610
150 447 6 610
294 57 219 30
91 210 117 85
87 340 96 337
423 651 408 651
417 657 593 693
266 606 188 526
97 616 39 592
448 345 482 478
150 447 40 371
436 593 482 478
492 431 470 557
6 610 260 631
364 521 408 611
66 274 69 282
275 268 234 297
689 173 280 72
40 371 6 610
510 226 689 173
251 31 402 3
347 150 510 226
150 447 218 506
150 447 66 274
69 282 40 371
294 57 689 173
236 111 689 173
417 657 458 673
127 20 40 371
593 693 645 512
132 492 218 506
309 226 448 345
209 473 241 515
297 230 381 331
589 431 645 512
322 526 332 583
420 587 387 555
158 84 117 85
632 698 642 552
645 512 642 552
384 645 260 631
570 508 535 545
150 447 140 351
573 155 555 150
423 651 202 297
679 78 359 26
105 407 123 392
501 411 555 467
651 317 639 302
202 297 269 297
668 301 670 245
294 57 402 3
66 274 91 210
423 651 417 657
423 651 436 593
589 431 570 508
545 681 461 666
589 431 689 173
651 317 645 512
269 297 293 422
294 57 127 20
116 550 6 610
423 651 384 645
279 400 245 297
216 75 265 84
127 20 158 84
236 111 589 431
689 173 555 150
180 233 145 399
423 651 589 431
236 111 150 447
589 431 515 578
30 81 69 254
570 508 593 693
448 345 589 431
129 514 124 521
261 198 193 279
158 84 91 210
555 150 631 164
417 657 384 645
251 31 269 48
593 693 632 698
689 173 651 317
593 693 458 673
589 431 436 593
423 651 448 345
448 489 468 513
150 447 132 492
49 595 105 556
132 492 6 610
406 582 399 587
448 345 358 466
384 547 269 297
132 492 116 550
236 111 127 20
645 512 637 625
66 274 158 84
202 297 384 547
423 651 150 447
236 111 448 345
28 502 95 409
589 431 526 564
294 57 566 68
127 20 402 3
132 492 210 536
417 657 88 635
414 293 342 228
236 111 384 547
297 230 309 226
134 661 273 654
423 651 132 492
66 274 140 351
448 345 297 230
448 345 436 593
358 466 416 446
127 20 251 31
515 578 570 508
200
0 0
1000 1000
0 0 1000 0
0 0 0 1000
1000 0 1000 1000
0 1000 1000 1000
0 0 20 20
0 0 20 5
20 5 20 20
0 20 10 10
20 20 40 40
20 20 40 20
40 20 40 40
20 40 30 30
40 40 60 60
40 40 60 40
60 40 60 60
40 60 50 50
60 60 80 80
60 60 80 60
80 60 80 80
60 80 70 70
80 80 100 100
80 80 100 80
100 80 100 100
80 100 90 90
100 100 120 120
100 100 120 100
120 100 120 120
100 120 110 110
120 120 140 140
120 120 140 120
140 120 140 140
120 140 130 130
140 140 160 160
140 140 160 140
160 140 160 160
140 160 150 150
160 160 180 180
160 160 180 160
180 160 180 180
160 180 170 170
180 180 200 200
180 180 200 180
200 180 200 200
180 200 190 190
200 200 220 220
200 200 220 200
220 200 220 220
200 220 210 210
220 220 240 240
220 220 240 220
240 220 240 240
220 240 230 230
240 240 260 260
240 240 260 240
260 240 260 260
240 260 250 250
260 260 280 280
260 260 280 260
280 260 280 280
260 280 270 270
280 280 300 300
280 280 300 280
300 280 300 300
280 300 290 290
300 300 320 320
300 300 320 300
320 300 320 320
300 320 310 310
320 320 340 340
320 320 340 320
340 320 340 340
320 340 330 330
340 340 360 360
340 340 360 340
360 340 360 360
340 360 350 350
360 360 380 380
360 360 380 360
380 360 380 380
360 380 370 370
380 380 400 400
380 380 400 380
400 380 400 400
380 400 390 390
400 400 420 420
400 400 420 400
420 400 420 420
400 420 410 410
420 420 440 440
420 420 440 420
440 420 440 440
420 440 430 430
440 440 460 460
440 440 460 440
460 440 460 460
440 460 450 450
460 460 480 480
460 460 480 460
480 460 480 480
460 480 470 470
480 480 500 500
480 480 500 480
500 480 500 500
480 500 490 490
500 500 520 520
500 500 520 500
520 500 520 520
500 520 510 510
520 520 540 540
520 520 540 520
540 520 540 540
520 540 530 530
540 540 560 560
540 540 560 540
560 540 560 560
540 560 550 550
560 560 580 580
560 560 580 560
580 560 580 580
560 580 570 570
580 580 600 600
580 580 600 580
600 580 600 600
580 600 590 590
600 600 620 620
600 600 620 600
620 600 620 620
600 620 610 610
620 620 640 640
620 620 640 620
640 620 640 640
620 640 630 630
640 640 660 660
640 640 660 640
660 640 660 660
640 660 650 650
660 660 680 680
660 660 680 660
680 660 680 680
660 680 670 670
680 680 700 700
680 680 700 680
700 680 700 700
680 700 690 690
700 700 720 720
700 700 720 700
720 700 720 720
700 720 710 710
720 720 740 740
720 720 740 720
740 720 740 740
720 740 730 730
740 740 760 760
740 740 760 740
760 740 760 760
740 760 750 750
760 760 780 780
760 760 780 760
780 760 780 780
760 780 770 770
780 780 800 800
780 780 800 780
800 780 800 800
780 800 790 790
800 800 820 820
800 800 820 800
820 800 820 820
800 820 810 810
820 820 840 840
820 820 840 820
840 820 840 840
820 840 830 830
840 840 860 860
840 840 860 840
860 840 860 860
840 860 850 850
860 860 880 880
860 860 880 860
880 860 880 880
860 880 870 870
880 880 900 900
880 880 900 880
900 880 900 900
880 900 890 890
900 900 920 920
900 900 920 900
920 900 920 920
900 920 910 910
920 920 940 940
920 920 940 920
940 920 940 940
920 940 930 930
940 940 960 960
940 940 960 940
960 940 960 960
940 960 950 950
960 960 1000 1000
960 960 1000 960
960 960 960 1000
960 1000 0 955
164
669 361
10 270
331 214 310 237
782 267 690 342
424 160 477 290
609 439 669 361
654 8 695 47
609 439 695 47
214 438 264 340
791 394 758 527
540 2 173 0
444 588 347 416
572 308 609 439
583 752 548 292
189 555 136 495
265 453 239 389
264 284 264 340
782 267 702 646
264 284 548 292
654 8 653 192
540 2 548 292
548 292 566 693
582 303 564 154
471 336 523 328
443 721 500 736
23 382 9 315
448 436 548 292
609 439 690 342
540 2 142 63
257 79 199 105
430 758 136 495
466 149 402 143
690 342 669 361
279 276 406 288
381 688 214 438
339 488 283 483
695 47 775 231
584 738 609 439
729 649 787 405
225 240 218 326
609 439 782 267
720 6 715 93
548 292 572 308
452 756 535 725
225 240 142 63
98 591 16 584
583 752 452 756
335 726 250 694
477 145 448 96
142 63 173 0
782 267 695 47
98 591 141 547
474 566 356 319
729 649 687 750
214 438 535 725
747 400 709 601
448 436 566 693
430 758 535 725
439 310 497 332
98 591 189 555
548 292 584 738
482 792 687 750
609 439 665 151
209 650 295 710
10 270 173 0
430 758 98 591
444 588 474 566
199 310 218 366
17 453 8 360
686 219 691 283
654 8 540 2
98 591 142 63
522 534 498 364
798 247 745 162
540 2 218 119
654 8 554 55
264 284 218 119
430 758 214 438
10 270 6 450
98 591 205 678
777 187 725 116
448 436 356 319
471 336 473 400
205 678 310 789
356 319 471 336
653 192 665 151
110 155 65 455
218 119 281 186
282 358 264 330
583 752 430 758
10 270 110 155
609 439 654 8
214 438 142 63
583 752 448 436
264 284 474 566
347 416 414 487
189 555 117 543
702 646 709 601
589 387 560 300
264 284 444 588
695 47 690 342
110 230 80 355
782 267 709 601
214 438 444 588
583 752 782 267
654 8 665 151
98 591 6 450
98 591 136 495
740 146 735 139
623 681 706 488
264 284 540 2
110 155 74 170
609 439 548 292
787 405 782 267
695 47 669 361
142 63 136 495
444 588 414 487
540 2 281 186
98 591 10 270
653 192 660 86
448 436 471 336
430 758 452 756
310 789 482 792
782 267 775 231
583 752 729 649
214 438 136 495
16 584 6 450
430 758 189 555
264 284 142 63
16 584 310 789
98 591 310 789
583 752 535 725
782 267 729 649
10 270 98 160
430 758 205 678
782 267 747 400
474 566 414 487
142 63 218 326
609 439 540 2
173 0 74 170
264 284 214 438
430 758 409 657
264 284 225 240
452 756 465 747
583 752 747 400
510 211 544 147
136 495 381 688
144 307 162 476
10 270 86 165
557 7 559 3
205 678 482 792
10 270 65 455
583 752 214 438
554 55 635 7
448 436 474 566
535 725 409 657
548 292 356 319
314 520 398 558
559 451 555 384
214 438 225 240
444 588 264 340
98 591 11 517
729 649 702 646
540 2 554 55
609 439 554 55
218 119 142 63
195
272 45
83 298
156 232 161 240
161 240 128 220
175 145 168 186
251 54 249 165
134 268 127 276
169 292 127 299
253 73 274 137
168 186 175 208
122 71 82 118
276 126 285 186
274 137 273 147
194 255 191 290
273 147 238 230
208 13 200 31
128 220 69 180
206 80 82 134
82 134 107 176
127 271 43 253
107 176 156 232
134 268 58 201
236 44 259 40
231 58 200 31
251 54 207 150
187 16 134 95
113 109 20 153
28 196 11 205
233 30 231 58
46 83 27 45
69 180 58 201
55 74 31 53
230 19 256 37
259 212 250 230
11 205 18 254
144 215 164 233
82 118 20 153
206 182 233 238
251 54 175 145
274 229 258 230
97 269 127 291
21 239 12 212
106 143 114 159
191 290 173 293
102 245 131 267
269 298 217 291
38 217 18 254
164 233 169 292
207 150 168 186
173 293 157 294
177 268 173 293
191 82 134 95
273 147 258 230
43 253 28 286
107 176 161 240
233 30 208 13
296 219 296 235
235 139 240 78
253 73 249 165
164 233 194 255
35 200 18 254
208 13 187 16
274 137 274 229
69 180 18 254
127 271 35 235
171 217 154 223
272 45 233 30
161 240 134 268
274 229 233 238
267 188 274 188
113 109 82 134
108 79 82 118
35 200 11 205
108 79 101 59
17 137 11 205
55 203 58 201
20 153 11 205
268 3 212 15
172 47 171 54
79 294 28 286
35 235 18 254
108 79 46 83
272 19 268 43
187 16 122 71
187 16 101 59
127 271 127 299
12 93 14 171
272 210 274 222
185 161 194 162
272 45 208 13
77 43 111 54
153 125 144 107
122 71 113 109
272 45 231 58
273 147 249 165
267 199 274 229
127 299 79 294
206 182 181 174
35 200 38 217
206 80 134 95
296 235 233 238
289 232 274 197
275 178 274 175
207 150 206 182
253 73 273 147
37 25 123 48
206 182 175 208
272 45 241 56
200 31 206 80
101 59 27 45
273 86 296 235
262 287 127 299
17 137 33 118
274 229 296 235
206 80 197 48
198 113 236 57
69 180 11 205
128 125 82 134
206 80 194 65
218 141 235 160
35 235 43 253
10 244 28 286
134 268 127 271
258 230 238 230
144 215 194 255
128 125 175 208
161 240 58 201
267 199 258 230
191 82 200 31
187 16 113 109
122 36 155 32
46 83 20 153
119 14 183 18
115 280 127 280
173 293 139 297
144 159 136 170
134 268 55 203
216 148 218 126
128 220 58 201
107 72 165 27
173 83 167 63
273 86 296 219
107 176 144 215
249 165 207 150
134 268 35 235
280 182 274 172
122 71 108 79
83 298 28 286
79 294 83 298
147 183 149 219
128 125 144 215
134 268 127 299
206 80 175 145
233 30 200 31
238 230 233 238
137 218 134 208
135 110 158 90
109 65 131 44
200 31 134 95
233 238 247 230
209 6 194 15
69 180 28 196
207 150 175 145
52 37 27 45
27 45 17 137
164 233 191 290
175 145 128 125
251 54 231 58
164 233 177 268
128 125 107 176
193 20 201 14
175 208 233 238
282 211 274 192
11 205 10 244
243 230 240 234
21 6 22 91
215 109 229 102
187 16 108 79
206 182 238 230
52 37 101 59
165 198 184 247
233 238 243 230
272 45 253 73
274 137 296 235
50 227 119 263
127 299 43 253
267 249 245 245
208 13 134 95
82 134 128 220
69 180 35 200
296 235 194 255
46 83 17 137
146 258 145 296
164 233 173 293
34 285 38 264
262 287 173 293
128 125 168 186
187
7 19
255 275
299 73 292 151
67 4 87 14
240 205 261 186
24 66 39 71
174 1 192 4
116 275 230 285
271 45 236 68
116 64 136 101
20 186 61 197
245 122 292 151
148 286 230 285
229 12 227 58
120 172 83 197
126 45 174 25
170 119 174 260
253 238 257 261
276 170 275 190
198 126 260 147
67 4 174 25
265 76 217 97
157 80 131 130
4 126 20 186
116 275 128 298
184 264 214 251
187 113 233 64
7 19 60 59
172 95 170 119
147 0 174 25
90 165 170 119
67 4 147 0
11 87 4 126
245 122 260 147
116 275 148 286
118 28 138 40
145 199 147 192
61 197 174 260
187 113 230 65
7 19 87 14
170 119 169 228
299 73 288 129
9 124 20 186
61 197 128 298
229 12 230 65
147 0 192 4
243 129 254 137
243 129 260 147
87 14 116 64
176 28 229 12
196 283 230 285
120 172 124 190
176 28 227 58
120 172 141 170
214 275 293 267
17 224 25 253
87 14 81 68
232 127 213 127
142 275 253 238
73 106 31 167
247 182 282 192
230 65 233 64
169 228 174 260
247 182 292 151
61 197 83 197
11 243 39 263
141 170 122 181
198 126 233 64
60 59 87 14
170 119 141 170
87 14 79 99
72 13 79 10
4 126 17 206
61 197 142 275
106 196 144 218
174 1 274 10
124 190 159 236
61 197 17 206
9 124 31 167
73 106 79 99
142 275 222 281
172 95 174 260
177 258 197 251
147 0 174 1
280 145 257 142
53 40 66 49
90 165 172 95
213 223 282 192
17 206 48 237
292 151 282 192
224 295 236 296
229 12 233 64
48 237 128 298
230 65 230 25
236 296 293 267
79 99 31 167
198 126 243 129
299 73 290 140
83 197 124 190
198 126 245 122
79 99 116 64
131 117 113 133
230 65 231 38
60 59 4 126
16 99 53 63
224 295 293 267
60 59 79 99
7 134 12 156
187 113 227 58
282 192 257 261
197 53 193 38
260 147 213 223
174 25 190 7
22 37 10 70
192 4 182 16
20 257 18 248
158 166 152 200
123 153 130 142
80 192 80 197
213 223 247 182
172 95 187 246
90 165 83 197
20 186 90 165
128 298 230 285
136 101 20 186
148 77 131 73
12 48 9 53
57 36 72 39
214 275 257 261
120 20 150 35
148 249 160 269
7 19 11 87
116 275 196 283
17 206 39 263
126 45 176 28
282 192 253 238
9 124 4 126
114 230 88 223
141 170 159 236
268 6 274 10
141 170 174 260
198 126 274 10
126 45 136 101
202 295 227 290
142 275 257 261
60 59 9 124
48 237 39 263
187 246 253 238
116 64 31 167
230 285 224 295
227 58 230 65
224 295 255 275
176 28 187 113
23 11 51 8
136 101 90 165
104 220 76 197
0 273 32 258
187 246 282 192
174 25 178 25
7 19 67 4
214 275 222 281
116 64 126 45
245 122 243 129
268 6 174 1
274 10 299 73
216 247 217 250
260 147 187 246
17 206 128 298
150 115 171 107
81 68 79 99
255 275 293 267
174 260 220 242
201 80 210 48
176 28 192 4
221 72 203 91
43 48 46 67
114 233 157 270
4 126 11 243
60 59 11 87
37 245 44 233
39 263 128 298
124 190 174 260
192 4 229 12
90 165 120 172
288 129 292 151
230 285 218 278
245 122 299 73
116 275 222 281
174 25 192 4
0
