12.50000000
16.50000000
17.50000000
1.00000381
15.50000000
3.12591553
4.20247591
1.09570312
8.00000000
1.00007439
1.22169685
6.00000000
1.01171875
18.00000051
1.00000563
1.01107788
9.50378418
1.86523438
12.01421158
1.05772800
9.02816000
1.00015259
1.00000000
1.00000000
1.48620776
3.12100400
10.08756920
1.00459748
5.06667953
1.00011520
1.00211200
1.16406250
6.52978516
1.00781250
2.31270640
10.11865234
16.00302124
1.00006800
1.00017147
2.38547200
1.00000000
1.15637860
1.00033000
12.16579200
20.00343200
1.00142255
1.84072550
6.61728395
1.15167236
4.67388588
9.05497709
2.29449588
4.86818416
1.00032000
1.00411523
1.02880658
1.00001000
1.00462000
1.00320073
1.19615912
2.61865569
3.61865569
6.45404664
1.31323242
1.71264648
2.38769531
2.84570312
7.19335938
1.02332362
1.32819658
1.52603082
1.00077160
1.20160000
1.12870000
1.61040000
3.35253772
3.97668038
1.06835938
1.13671875
1.64453125
1.01457726
2.39941691
1.06944444
1.95833333
1.03500000
1.07000000
3.27500000
3.85000000
1.04938272
1.24691358
1.00000000
1.15625000
1.11111111
1.01000000
1.35000000
1.84000000
4980.02100210
367.00000738
104.00078222
