21 2 19
21 2 15
19 2 11
18 2 34
17 2 10
14 2 18
12 3 20
12 2 19
12 2 10
10 4 36
10 4 28
10 2 9
10 2 17
9 5 9
9 5 42
9 4 29
9 4 13
9 2 12
8 6 16
8 5 30
8 5 15
8 4 29
8 3 23
7 7 48
7 7 32
7 7 27
7 7 18
7 6 35
7 6 20
7 5 32
7 5 30
7 4 20
7 4 11
7 2 12
6 9 32
6 8 17
6 8 11
6 7 39
6 6 33
6 5 17
6 3 17
6 3 13
6 10 54
6 10 21
6 10 13
5 9 40
5 9 28
5 9 19
5 8 29
5 7 16
5 7 11
5 6 17
5 6 13
5 5 23
5 3 13
5 3 12
5 10 48
5 10 43
4 9 32
4 9 26
4 9 20
4 9 18
4 9 14
4 8 22
4 8 20
4 8 18
4 8 17
4 8 11
4 7 23
4 7 19
4 7 18
4 6 22
4 5 14
4 10 30
4 10 26
3 9 13
3 9 12
3 8 19
3 8 18
3 8 15
3 7 18
3 7 11
3 6 14
3 6 10
3 10 25
3 10 24
3 10 15
3 10 14
2 9 15
2 9 13
2 8 15
2 8 12
2 6 9
2 10 18
2 10 14
2 10 12
1 9999 20
2 368 2
3 75 10
0 0 0
