5 1 0 0
5 2 0 4
1
2
3
4
5 2 4 0
1
2
3
4
25 4 0 0
30 5 0 0
100 100 0 0
100 100 10 10
2
4
11
33
48
50
57
64
72
85
20
26
38
67
76
78
89
90
92
99
100 100 99 0
1
2
3
4
5
6
7
8
9
10
11
12
13
14
15
16
17
18
19
20
21
22
23
24
25
26
27
28
29
30
31
32
33
34
35
36
37
38
39
40
41
42
43
44
45
46
47
48
49
50
51
52
53
54
55
56
57
58
59
60
61
62
63
64
65
66
67
68
69
70
71
72
73
74
75
76
77
78
79
80
81
82
83
84
85
86
87
88
89
90
91
92
93
94
95
96
97
98
99
100 100 70 29
1
2
3
4
8
10
11
13
14
15
17
18
19
20
21
22
23
24
25
27
28
30
31
32
33
34
36
37
40
43
44
47
49
50
51
52
53
54
55
56
57
58
62
63
64
67
68
69
71
72
73
75
76
80
81
82
83
84
85
86
87
88
90
91
92
94
96
97
98
99
5
6
7
9
12
16
26
29
35
38
39
41
42
45
46
48
59
60
61
65
66
70
74
77
78
79
89
93
95
100 100 60 39
2
4
5
6
9
10
11
13
17
18
20
23
24
25
27
28
29
30
31
34
40
41
43
44
46
47
48
51
52
53
54
55
56
57
58
60
61
63
64
66
67
68
70
71
72
76
78
79
81
86
87
88
89
90
91
92
95
96
97
99
1
3
7
8
12
14
15
16
19
21
22
26
32
33
35
36
37
38
39
42
45
49
50
59
62
65
69
73
74
75
77
80
82
83
84
85
93
94
98
100 100 50 49
1
2
4
5
7
11
12
13
16
18
19
21
23
24
28
32
33
36
39
40
43
44
47
48
49
50
53
59
60
61
62
63
64
67
68
69
70
71
72
73
75
76
77
81
87
88
91
92
93
96
3
6
8
9
10
14
15
17
20
22
25
26
27
29
30
31
34
35
37
38
41
42
45
46
51
52
54
55
56
57
58
65
66
74
78
79
80
82
83
84
85
86
89
90
94
95
97
98
99
0 0 0 0
