4
0 0
10000 0
10000 10000
0 10000
3
0 0
10000 0
7000 1000
6
0 40
100 20
250 40
250 70
100 90
0 70
3
0 0
10000 10000
5000 5001
5
0 0
1000 0
1000 100
500 150
0 100
4
0 0
100 0
120 50
20 50
4
0 0
100 0
110 50
30 50
4
0 0
100 0
200 1000
150 1000
100
5000 0
5300 10
5590 30
5870 60
6140 100
6400 150
6650 210
6890 280
7120 360
7340 450
7550 550
7750 660
7940 780
9220 2060
9340 2250
9450 2450
9550 2660
9640 2880
9720 3110
9790 3350
9850 3600
9900 3860
9940 4130
9970 4410
9990 4700
10000 5000
9990 5300
9970 5590
9940 5870
9900 6140
9850 6400
9790 6650
9720 6890
9640 7120
9550 7340
9450 7550
9340 7750
9220 7940
7940 9220
7750 9340
7550 9450
7340 9550
7120 9640
6890 9720
6650 9790
6400 9850
6140 9900
5870 9940
5590 9970
5300 9990
5000 10000
4700 9990
4410 9970
4130 9940
3860 9900
3600 9850
3350 9790
3110 9720
2880 9640
2660 9550
2450 9450
2250 9340
2060 9220
780 7940
660 7750
550 7550
450 7340
360 7120
280 6890
210 6650
150 6400
100 6140
60 5870
30 5590
10 5300
0 5000
10 4700
30 4410
60 4130
100 3860
150 3600
210 3350
280 3110
360 2880
450 2660
550 2450
660 2250
780 2060
2060 780
2250 660
2450 550
2660 450
2880 360
3110 280
3350 210
3600 150
3860 100
4130 60
4410 30
4700 10
3
0 0
10000 0
10000 1
4
0 0
10000 0
10000 1
0 1
3
0 0
10000 1
9999 1
4
0 0
1 0
10000 1
9998 1
5
0 0
9999 2000
10000 7000
3334 6334
1 5000
3
0 0
1 0
0 1
3
9999 0
10000 0
10000 1
3
0 9999
1 10000
0 10000
3
10000 9999
10000 10000
9999 10000
6
1000 5500
2500 1000
6000 1500
8000 4000
6500 8500
3000 8000
6
100 350
101 349
6400 3440
6400 3441
1200 7250
1199 7249
12
1000 4700
2000 4000
3000 3800
4000 3900
5000 4100
6000 4500
6000 5501
5000 5899
4000 6101
3000 6199
2000 6001
1000 5299
100
9999 0
9995 158
9987 316
9976 475
9957 632
9936 789
9907 945
9874 1100
9837 1255
9794 1407
9747 1559
9697 1709
9639 1857
9578 2003
9513 2148
9443 2290
9366 2429
9289 2567
9205 2702
9116 2834
9023 2962
8927 3088
8829 3213
8724 3332
8617 3449
8506 3562
8391 3671
8273 3777
8150 3878
8026 3976
7898 4070
7769 4162
7635 4247
7499 4329
7360 4406
7219 4478
7076 4547
6930 4609
6784 4669
6634 4723
6484 4772
6332 4818
6178 4856
6023 4893
5867 4922
5711 4946
5553 4966
5396 4983
5237 4993
5079 4998
4920 4996
4762 4993
4603 4983
4446 4967
4288 4947
4131 4923
3976 4891
3821 4856
3667 4818
3515 4772
3365 4723
3216 4667
3069 4609
2923 4546
2780 4477
2639 4405
2501 4327
2364 4247
2230 4162
2100 4072
1972 3978
1847 3879
1727 3776
1609 3670
1493 3562
1382 3449
1275 3332
1170 3213
1072 3088
976 2962
883 2834
794 2702
711 2567
632 2430
558 2289
486 2148
421 2003
360 1857
302 1709
252 1559
205 1407
162 1255
123 1101
92 945
65 789
41 632
25 474
13 316
5 158
1 0
12
8118 5000
7687 6551
6534 7657
5000 8187
3399 7773
2233 6597
1849 5000
2310 3447
3431 2283
4999 1854
6533 2344
7691 3445
12
5000 0
6152 665
6680 1580
6680 2780
5956 4034
5158 4494
3838 4494
2959 3987
2441 3089
2441 1604
2825 939
4451 0
6
9493 6827
4123 8291
2764 8126
233 3849
4751 89
9261 3165
10
9950 7585
9384 8907
6918 9826
749 9053
64 8730
590 4225
1153 2481
1441 2127
3850 289
9659 814
11
9845 5904
6473 9556
5150 9835
4005 9959
2361 9496
225 5244
187 3223
1837 777
4075 322
7218 183
9375 581
10
9995 909
9990 4084
8777 9930
2993 9997
2051 9909
36 9601
543 2264
636 2005
1408 29
8413 439
100
0 102
1 89
2 77
3 66
4 56
5 47
6 39
7 32
8 26
9 21
10 17
11 14
12 12
14 11
17 10
21 9
26 8
32 7
39 6
47 5
56 4
66 3
77 2
89 1
102 0
9898 0
9911 1
9923 2
9934 3
9944 4
9953 5
9961 6
9968 7
9974 8
9979 9
9983 10
9986 11
9988 12
9989 14
9990 17
9991 21
9992 26
9993 32
9994 39
9995 47
9996 56
9997 66
9998 77
9999 89
10000 102
10000 9898
9999 9911
9998 9923
9997 9934
9996 9944
9995 9953
9994 9961
9993 9968
9992 9974
9991 9979
9990 9983
9989 9986
9988 9988
9986 9989
9983 9990
9979 9991
9974 9992
9968 9993
9961 9994
9953 9995
9944 9996
9934 9997
9923 9998
9911 9999
9898 10000
102 10000
89 9999
77 9998
66 9997
56 9996
47 9995
39 9994
32 9993
26 9992
21 9991
17 9990
14 9989
12 9988
11 9986
10 9983
9 9979
8 9974
7 9968
6 9961
5 9953
4 9944
3 9934
2 9923
1 9911
0 9898
0
